    0.3 0.666247 0.68632 0.666247 2.72  14.3328    1 14.3328       0 872.167  0  0  1.05703e+32  13.73  0.198106
0.299352 0.666305 0.686318 0.666247 2.72  14.4107 0.99 14.3328   105.2 864.491  4.64906e+47  1.70958e+29  1.05509e+32  13.73  0.198106
0.298709 0.666373 0.686321 0.666247 2.72  14.4923 0.98 14.3328 148.743 857.628  6.61521e+47  3.43945e+29  1.05306e+32  13.73  0.198106
0.298065 0.666436 0.686317 0.666247 2.72  14.5758 0.97 14.3328 181.661 850.856  8.13084e+47  5.16303e+29  1.05101e+32  13.73  0.198106
0.297419 0.666515 0.686331 0.666247 2.72  14.6616 0.96 14.3328 209.124 844.065  9.42047e+47  6.88628e+29  1.04898e+32  13.73  0.198106
0.296765 0.66657 0.686319 0.666247 2.72  14.7496 0.95 14.3328 233.035 837.213  1.05649e+48  8.60583e+29  1.04686e+32  13.73  0.198106
0.296114 0.666645 0.686327 0.666247 2.72  14.8398 0.94 14.3328 254.376 830.306  1.1607e+48  1.03206e+30  1.04479e+32  13.73  0.198106
0.295458 0.666706 0.68632 0.666247 2.72  14.9326 0.93 14.3328 273.785 823.28  1.2573e+48  1.20326e+30  1.04266e+32  13.73  0.198106
 0.2948 0.666773 0.68632 0.666247 2.72  15.0279 0.92 14.3328 291.579 816.165  1.34768e+48  1.37357e+30  1.04054e+32  13.73  0.198106
0.294141 0.66684 0.686319 0.666247 2.72  15.1259 0.91 14.3328 308.065 808.943  1.43309e+48  1.5432e+30  1.0384e+32  13.73  0.198106
0.293482 0.666905 0.686316 0.666247 2.72  15.2266  0.9 14.3328 323.422 801.608  1.51425e+48  1.71189e+30  1.03626e+32  13.73  0.198106
0.292824 0.666979 0.686323 0.666247 2.72  15.3302 0.89 14.3328 337.787 794.167  1.59175e+48  1.87943e+30  1.03414e+32  13.73  0.198106
0.292165 0.667051 0.686328 0.666247 2.72   15.437 0.88 14.3328 351.279 786.59  1.66606e+48  2.04575e+30  1.03201e+32  13.73  0.198106
0.291506 0.66711 0.68632 0.666247 2.72  15.5469 0.87 14.3328 363.984 778.881  1.73741e+48  2.21051e+30  1.02984e+32  13.73  0.198106
0.290852 0.66718 0.686323 0.666247 2.72  15.6603 0.86 14.3328 375.988 771.033  1.80622e+48  2.37386e+30  1.0277e+32  13.73  0.198106
0.290199 0.667246 0.686322 0.666247 2.72  15.7772 0.85 14.3328 387.317 763.054  1.87253e+48  2.53515e+30  1.02556e+32  13.73  0.198106
0.289551 0.667314 0.686324 0.666247 2.72  15.8979 0.84 14.3328 398.045 754.928  1.93661e+48  2.69453e+30  1.02344e+32  13.73  0.198106
0.288906 0.66737 0.686315 0.666247 2.72  16.0225 0.83 14.3328 408.199 746.646  1.99845e+48  2.85151e+30  1.0213e+32  13.73  0.198106
0.288271 0.667444 0.686325 0.666247 2.72  16.1513 0.82 14.3328 417.817 738.209  2.0583e+48  3.0061e+30  1.01922e+32  13.73  0.198106
0.287643 0.667511 0.686327 0.666247 2.72  16.2845 0.81 14.3328 426.924 729.617  2.11608e+48  3.15785e+30  1.01714e+32  13.73  0.198106
0.287022 0.66757 0.686322 0.666247 2.72  16.4224  0.8 14.3328 435.529 720.863  2.17181e+48  3.30635e+30  1.01507e+32  13.73  0.198106
0.286411 0.66763 0.686321 0.666247 2.72  16.5653 0.79 14.3328 443.666 711.929  2.22555e+48  3.45146e+30  1.01305e+32  13.73  0.198106
0.285815 0.667698 0.686328 0.666247 2.72  16.7132 0.78 14.3328 451.345 702.842  2.27734e+48  3.59291e+30  1.01108e+32  13.73  0.198106
0.28523 0.66775 0.68632 0.666247 2.72   16.867 0.77 14.3328 458.584 693.545  2.32695e+48  3.73004e+30  1.00911e+32  13.73  0.198106
0.284664 0.667811 0.686324 0.666247 2.72  17.0264 0.76 14.3328 465.382 684.092  2.37456e+48  3.86279e+30  1.00722e+32  13.73  0.198106
0.284113 0.667865 0.686322 0.666247 2.72  17.1922 0.75 14.3328  471.75 674.442  2.41998e+48  3.99054e+30  1.00538e+32  13.73  0.198106
0.283584 0.66792 0.686323 0.666247 2.72  17.3644 0.74 14.3328 477.697 664.614  2.46318e+48  4.11299e+30  1.0036e+32  13.73  0.198106
0.283078 0.667974 0.686325 0.666247 2.72   17.544 0.73 14.3328  483.23 654.574  2.50401e+48  4.22959e+30  1.00191e+32  13.73  0.198106
0.282597 0.668029 0.686331 0.666247 2.72  17.7308 0.72 14.3328 488.343 644.362  2.54248e+48  4.34e+30  1.0003e+32  13.73  0.198106
0.282141 0.668071 0.686326 0.666247 2.72  17.9259 0.71 14.3328 493.035 633.935  2.57829e+48  4.44343e+30  9.98755e+31  13.73  0.198106
0.281718 0.66811 0.686322 0.666247 2.72  18.1294  0.7 14.3328 497.314 623.31  2.6114e+48  4.53955e+30  9.97311e+31  13.73  0.198106
0.281326 0.668156 0.686328 0.666247 2.72  18.3419 0.69 14.3328 501.172 612.492  2.64177e+48  4.62798e+30  9.96004e+31  13.73  0.198106
0.280971 0.668192 0.686328 0.666247 2.72  18.5642 0.68 14.3328 504.607 601.471  2.66912e+48  4.70793e+30  9.94799e+31  13.73  0.198106
0.280654 0.66822 0.686324 0.666247 2.72  18.7967 0.67 14.3328 507.617 590.251  2.69333e+48  4.77896e+30  9.93715e+31  13.73  0.198106
0.280378 0.668249 0.686325 0.666247 2.72  19.0401 0.66 14.3328 510.192 578.847  2.71435e+48  4.84069e+30  9.9278e+31  13.73  0.198106
0.280146 0.668269 0.686321 0.666247 2.72  19.2953 0.65 14.3328 512.331 567.241  2.73186e+48  4.89234e+30  9.91982e+31  13.73  0.198106
0.279959 0.668289 0.686321 0.666247 2.72  19.5628 0.64 14.3328 514.026 555.466  2.74593e+48  4.93382e+30  9.91351e+31  13.73  0.198106
0.279821 0.668298 0.686316 0.666247 2.72  19.8435 0.63 14.3328  515.27 543.504  2.75622e+48  4.96429e+30  9.90869e+31  13.73  0.198106
0.279732 0.668306 0.686315 0.666247 2.72  20.1379 0.62 14.3328 516.062 531.395  2.76287e+48  4.98391e+30  9.90566e+31  13.73  0.198106
0.279696 0.668316 0.686321 0.666247 2.72  20.4473 0.61 14.3328 516.396 519.13  2.76565e+48  4.99216e+30  9.90455e+31  13.73  0.198106
    0.4 1.22615 1.30517 1.22615 2.72  14.6968    1 14.6968       0 1139.28  0  0  3.56992e+32  13.73  0.198106
0.398859 1.22644 1.30516 1.22615 2.72  14.7647 0.99 14.6968 130.531 1128.56  1.41792e+48  6.46955e+29  3.56024e+32  13.73  0.198106
0.397781  1.2268 1.30516 1.22615 2.72  14.8351 0.98 14.6968   185.3 1120.64  2.02679e+48  1.31278e+30  3.55054e+32  13.73  0.198106
0.396683 1.22717 1.30517 1.22615 2.72   14.907 0.97 14.6968 227.009 1113.11  2.50009e+48  1.98385e+30  3.54075e+32  13.73  0.198106
0.395577 1.22752 1.30517 1.22615 2.72  14.9804 0.96 14.6968 261.559 1105.75  2.90075e+48  2.65209e+30  3.53082e+32  13.73  0.198106
0.394458 1.22788 1.30517 1.22615 2.72  15.0555 0.95 14.6968 291.759 1098.45  3.25849e+48  3.32314e+30  3.5208e+32  13.73  0.198106
0.393331 1.22826 1.30519 1.22615 2.72  15.1325 0.94 14.6968 318.793 1091.15  3.5858e+48  3.99579e+30  3.51073e+32  13.73  0.198106
0.392191  1.2286 1.30517 1.22615 2.72  15.2113 0.93 14.6968 343.374 1083.8  3.88993e+48  4.66894e+30  3.50038e+32  13.73  0.198106
0.39104 1.22898 1.30519 1.22615 2.72  15.2922 0.92 14.6968 366.057 1076.37  4.17694e+48  5.34461e+30  3.49004e+32  13.73  0.198106
0.389881 1.22934 1.30518 1.22615 2.72  15.3749 0.91 14.6968  387.08 1068.88  4.44905e+48  6.01971e+30  3.47954e+32  13.73  0.198106
0.388711 1.22971 1.30518 1.22615 2.72  15.4599  0.9 14.6968 406.762 1061.27  4.70959e+48  6.69625e+30  3.4689e+32  13.73  0.198106
0.387534 1.23008 1.30518 1.22615 2.72   15.547 0.89 14.6968 425.241 1053.56  4.96002e+48  7.3727e+30  3.45819e+32  13.73  0.198106
0.386346 1.23044 1.30517 1.22615 2.72  15.6365 0.88 14.6968 442.654 1045.74  5.20161e+48  8.04842e+30  3.44733e+32  13.73  0.198106
0.38515 1.23082 1.30518 1.22615 2.72  15.7284 0.87 14.6968 459.121 1037.8  5.43578e+48  8.72364e+30  3.43648e+32  13.73  0.198106
0.383948  1.2312 1.30518 1.22615 2.72  15.8227 0.86 14.6968 474.731 1029.72  5.66317e+48  9.39758e+30  3.42549e+32  13.73  0.198106
0.382738 1.23157 1.30518 1.22615 2.72  15.9199 0.85 14.6968 489.585 1021.49  5.88483e+48  1.0071e+31  3.4144e+32  13.73  0.198106
0.381523 1.23195 1.30518 1.22615 2.72  16.0198 0.84 14.6968 503.705 1013.11  6.10091e+48  1.07419e+31  3.40325e+32  13.73  0.198106
0.380301 1.23232 1.30518 1.22615 2.72  16.1227 0.83 14.6968 517.158 1004.56  6.31206e+48  1.14105e+31  3.39202e+32  13.73  0.198106
0.379076  1.2327 1.30518 1.22615 2.72  16.2286 0.82 14.6968 529.978 995.848  6.51856e+48  1.20759e+31  3.38074e+32  13.73  0.198106
0.377847 1.23307 1.30518 1.22615 2.72  16.3377 0.81 14.6968 542.196 986.97  6.72061e+48  1.27372e+31  3.36941e+32  13.73  0.198106
0.376615 1.23344 1.30518 1.22615 2.72  16.4503  0.8 14.6968 553.854 977.893  6.91854e+48  1.33942e+31  3.35804e+32  13.73  0.198106
0.375386 1.23382 1.30518 1.22615 2.72  16.5666 0.79 14.6968 564.978 968.628  7.11252e+48  1.40463e+31  3.34668e+32  13.73  0.198106
0.374158 1.23419 1.30519 1.22615 2.72  16.6866 0.78 14.6968  575.59 959.155  7.30262e+48  1.46927e+31  3.33532e+32  13.73  0.198106
0.372934 1.23457 1.30519 1.22615 2.72  16.8109 0.77 14.6968 585.707 949.451  7.48876e+48  1.5332e+31  3.32396e+32  13.73  0.198106
0.371711 1.23492 1.30518 1.22615 2.72  16.9393 0.76 14.6968 595.332 939.538  7.67084e+48  1.59629e+31  3.31254e+32  13.73  0.198106
0.370498 1.23528 1.30518 1.22615 2.72  17.0724 0.75 14.6968 604.483 929.401  7.84908e+48  1.65848e+31  3.30127e+32  13.73  0.198106
0.369294 1.23564 1.30519 1.22615 2.72  17.2104 0.74 14.6968 613.175 919.006  8.02322e+48  1.71966e+31  3.29007e+32  13.73  0.198106
0.368103 1.23598 1.30517 1.22615 2.72  17.3536 0.73 14.6968 621.415 908.353  8.19281e+48  1.7796e+31  3.27888e+32  13.73  0.198106
0.366929 1.23632 1.30517 1.22615 2.72  17.5025 0.72 14.6968 629.215 897.423  8.35796e+48  1.83827e+31  3.2679e+32  13.73  0.198106
0.36578 1.23667 1.30518 1.22615 2.72  17.6573 0.71 14.6968 636.579 886.218  8.51838e+48  1.89547e+31  3.25717e+32  13.73  0.198106
0.36465 1.23698 1.30516 1.22615 2.72  17.8186  0.7 14.6968 643.495  874.7  8.67321e+48  1.95089e+31  3.24651e+32  13.73  0.198106
0.363559 1.23734 1.30521 1.22615 2.72  17.9868 0.69 14.6968 649.981 862.908  8.82322e+48  2.00464e+31  3.23644e+32  13.73  0.198106
0.362491 1.23761 1.30516 1.22615 2.72  18.1625 0.68 14.6968 656.009 850.752  8.96583e+48  2.05593e+31  3.22626e+32  13.73  0.198106
0.361476 1.23791 1.30517 1.22615 2.72  18.3464 0.67 14.6968 661.611 838.257  9.10209e+48  2.105e+31  3.21672e+32  13.73  0.198106
0.360511 1.23822 1.30521 1.22615 2.72   18.539 0.66 14.6968 666.764 825.413  9.2311e+48  2.15146e+31  3.20774e+32  13.73  0.198106
0.359592 1.23844 1.30516 1.22615 2.72  18.7411 0.65 14.6968 671.438 812.176  9.35076e+48  2.19463e+31  3.19893e+32  13.73  0.198106
0.358751 1.23872  1.3052 1.22615 2.72  18.9538 0.64 14.6968 675.662 798.551  9.46186e+48  2.23468e+31  3.1911e+32  13.73  0.198106
0.357979 1.23893 1.30519 1.22615 2.72  19.1778 0.63 14.6968 679.392 784.506  9.56192e+48  2.27078e+31  3.18377e+32  13.73  0.198106
0.357292 1.23911 1.30517 1.22615 2.72  19.4144 0.62 14.6968 682.614 770.016  9.65013e+48  2.30259e+31  3.17721e+32  13.73  0.198106
0.356706 1.23927 1.30517 1.22615 2.72  19.6645 0.61 14.6968 685.323 755.092  9.72567e+48  2.32982e+31  3.17165e+32  13.73  0.198106
0.356231 1.23943 1.30519 1.22615 2.72  19.9295  0.6 14.6968 687.489 739.719  9.78727e+48  2.35199e+31  3.16722e+32  13.73  0.198106
0.355875 1.23952 1.30518 1.22615 2.72  20.2109 0.59 14.6968 689.075 723.864  9.83259e+48  2.36833e+31  3.16379e+32  13.73  0.198106
0.355653 1.23958 1.30517 1.22615 2.72  20.5101 0.58 14.6968 690.059 707.544  9.86098e+48  2.37856e+31  3.16168e+32  13.73  0.198106
0.355572 1.23958 1.30516 1.22615 2.72  20.8286 0.57 14.6968 690.401 690.764  9.87083e+48  2.38212e+31  3.16085e+32  13.73  0.198106
    0.5 1.71868 1.89149 1.71868 2.72  15.0089    1 15.0089       0 1306.95  0  0  7.49093e+32  13.73  0.198106
0.498058 1.71944 1.89149 1.71868 2.72  15.0774 0.99 15.0089 150.152 1291.84  2.6998e+48  1.41701e+30  7.46393e+32  13.73  0.198106
0.496215 1.72022  1.8915 1.71868 2.72  15.1452 0.98 15.0089 212.342 1282.45  3.84514e+48  2.85402e+30  7.43912e+32  13.73  0.198106
0.494355 1.72101 1.89151 1.71868 2.72  15.2141 0.97 15.0089 259.537 1273.86  4.7333e+48  4.2941e+30  7.41404e+32  13.73  0.198106
0.492481 1.72178 1.89149 1.71868 2.72  15.2845 0.96 15.0089 298.888 1265.63  5.49027e+48  5.73602e+30  7.38843e+32  13.73  0.198106
0.490583 1.72259 1.89151 1.71868 2.72  15.3567 0.95 15.0089 333.376 1257.54  6.16847e+48  7.1882e+30  7.3627e+32  13.73  0.198106
0.488672 1.72338  1.8915 1.71868 2.72  15.4304 0.94 15.0089 364.161 1249.55  6.78767e+48  8.64017e+30  7.33647e+32  13.73  0.198106
0.486748 1.72419 1.89149 1.71868 2.72  15.5058 0.93 15.0089  392.17 1241.6  7.36427e+48  1.00951e+31  7.31007e+32  13.73  0.198106
0.484808   1.725 1.89149 1.71868 2.72  15.5829 0.92 15.0089  417.97 1233.63  7.90781e+48  1.15534e+31  7.28334e+32  13.73  0.198106
0.482856 1.72584  1.8915 1.71868 2.72  15.6619 0.91 15.0089 441.916 1225.63  8.42442e+48  1.30133e+31  7.25636e+32  13.73  0.198106
0.480885 1.72666 1.89148 1.71868 2.72  15.7427  0.9 15.0089 464.339 1217.55  8.91967e+48  1.44775e+31  7.22889e+32  13.73  0.198106
0.478909 1.72751 1.89149 1.71868 2.72  15.8256 0.89 15.0089 485.383 1209.41  9.3963e+48  1.59423e+31  7.20139e+32  13.73  0.198106
0.476916 1.72836 1.89149 1.71868 2.72  15.9105 0.88 15.0089  505.24 1201.18  9.8573e+48  1.74086e+31  7.17352e+32  13.73  0.198106
0.474916 1.72923  1.8915 1.71868 2.72  15.9975 0.87 15.0089 524.014 1192.85  1.03044e+49  1.88745e+31  7.14547e+32  13.73  0.198106
0.472895 1.73009 1.89149 1.71868 2.72  16.0869 0.86 15.0089 541.833 1184.38  1.07396e+49  2.03406e+31  7.11691e+32  13.73  0.198106
0.470869 1.73096 1.89148 1.71868 2.72  16.1785 0.85 15.0089 558.764 1175.8  1.11642e+49  2.18055e+31  7.08817e+32  13.73  0.198106
0.468837 1.73184  1.8915 1.71868 2.72  16.2725 0.84 15.0089  574.86 1167.11  1.15792e+49  2.32676e+31  7.05938e+32  13.73  0.198106
0.466792 1.73273 1.89151 1.71868 2.72  16.3691 0.83 15.0089 590.198 1158.28  1.19858e+49  2.4727e+31  7.03031e+32  13.73  0.198106
0.464734 1.73361 1.89149 1.71868 2.72  16.4685 0.82 15.0089 604.819 1149.28  1.2384e+49  2.61816e+31  7.00081e+32  13.73  0.198106
0.462676  1.7345  1.8915 1.71868 2.72  16.5706 0.81 15.0089 618.788 1140.13  1.27755e+49  2.76331e+31  6.97128e+32  13.73  0.198106
0.460615  1.7354  1.8915 1.71868 2.72  16.6757  0.8 15.0089 632.122 1130.8  1.31602e+49  2.90784e+31  6.94155e+32  13.73  0.198106
0.458549 1.73631 1.89151 1.71868 2.72   16.784 0.79 15.0089 644.864 1121.28  1.35386e+49  3.05176e+31  6.91171e+32  13.73  0.198106
0.456481  1.7372 1.89149 1.71868 2.72  16.8955 0.78 15.0089 657.027 1111.57  1.39106e+49  3.19476e+31  6.88154e+32  13.73  0.198106
0.454421 1.73813 1.89151 1.71868 2.72  17.0104 0.77 15.0089 668.642 1101.68  1.42773e+49  3.33695e+31  6.85162e+32  13.73  0.198106
0.452355 1.73901 1.89148 1.71868 2.72  17.1289 0.76 15.0089 679.714 1091.56  1.46375e+49  3.47778e+31  6.82122e+32  13.73  0.198106
0.450302 1.73994  1.8915 1.71868 2.72  17.2515 0.75 15.0089  690.29 1081.21  1.49927e+49  3.61758e+31  6.79115e+32  13.73  0.198106
0.448261 1.74086 1.89153 1.71868 2.72   17.378 0.74 15.0089  700.36 1070.63  1.53421e+49  3.7559e+31  6.76111e+32  13.73  0.198106
0.446223 1.74175 1.89151 1.71868 2.72  17.5091 0.73 15.0089 709.933 1059.78  1.56849e+49  3.8923e+31  6.73082e+32  13.73  0.198106
0.444201 1.74262 1.89147 1.71868 2.72  17.6446 0.72 15.0089 719.026 1048.67  1.60213e+49  4.02672e+31  6.70057e+32  13.73  0.198106
0.442208 1.74354  1.8915 1.71868 2.72  17.7851 0.71 15.0089 727.648 1037.31  1.63523e+49  4.1592e+31  6.671e+32  13.73  0.198106
0.440234 1.74441  1.8915 1.71868 2.72  17.9311  0.7 15.0089 735.801 1025.63  1.66757e+49  4.28896e+31  6.64138e+32  13.73  0.198106
0.438295 1.74528 1.89149 1.71868 2.72  18.0827 0.69 15.0089 743.502 1013.64  1.69914e+49  4.41591e+31  6.61216e+32  13.73  0.198106
0.436395 1.74614 1.89149 1.71868 2.72  18.2405 0.68 15.0089 750.752 1001.3  1.72989e+49  4.53966e+31  6.58344e+32  13.73  0.198106
0.434533 1.74696 1.89147 1.71868 2.72  18.4048 0.67 15.0089 757.527 988.626  1.75969e+49  4.65955e+31  6.55512e+32  13.73  0.198106
0.432736  1.7478  1.8915 1.71868 2.72  18.5764 0.66 15.0089 763.864 975.569  1.78856e+49  4.77559e+31  6.52791e+32  13.73  0.198106
0.430997 1.74858 1.89148 1.71868 2.72  18.7558 0.65 15.0089 769.731 962.101  1.81617e+49  4.88658e+31  6.50126e+32  13.73  0.198106
0.429334 1.74933 1.89148 1.71868 2.72  18.9437 0.64 15.0089 775.135 948.204  1.8425e+49  4.99221e+31  6.47571e+32  13.73  0.198106
0.427761 1.75004 1.89147 1.71868 2.72  19.1408 0.63 15.0089 780.065 933.862  1.86734e+49  5.09171e+31  6.45146e+32  13.73  0.198106
0.426294 1.75072 1.89148 1.71868 2.72  19.3484 0.62 15.0089 784.514 919.013  1.89048e+49  5.18421e+31  6.42885e+32  13.73  0.198106
0.424949 1.75135 1.89149 1.71868 2.72  19.5672 0.61 15.0089 788.463 903.642  1.91166e+49  5.26866e+31  6.40808e+32  13.73  0.198106
0.423742 1.75191  1.8915 1.71868 2.72  19.7986  0.6 15.0089  791.88 887.705  1.93056e+49  5.34383e+31  6.38936e+32  13.73  0.198106
0.422699 1.75237 1.89148 1.71868 2.72   20.044 0.59 15.0089  794.76 871.164  1.94683e+49  5.40843e+31  6.37303e+32  13.73  0.198106
0.421848 1.75276 1.89149 1.71868 2.72  20.3048 0.58 15.0089 797.063 853.997  1.96016e+49  5.46126e+31  6.35973e+32  13.73  0.198106
0.42121 1.75304 1.89146 1.71868 2.72  20.5831 0.57 15.0089 798.751 836.15  1.97005e+49  5.50044e+31  6.34963e+32  13.73  0.198106
0.420819 1.75323 1.89147 1.71868 2.72  20.8808 0.56 15.0089 799.774 817.605  1.97617e+49  5.52459e+31  6.34356e+32  13.73  0.198106
    0.6 2.07686 2.34502 2.07686 2.72  15.0654    1 15.0654       0 1428.7  0  0  1.18627e+33  13.73  0.198106
0.596947 2.07815 2.34502 2.07686 2.72  15.1347 0.99 15.0654 166.791 1409.21  3.93689e+48  2.29527e+30  1.18096e+33  13.73  0.198106
0.594052 2.07934 2.34504 2.07686 2.72  15.2019 0.98 15.0654  234.71 1398.16  5.58074e+48  4.57859e+30  1.17617e+33  13.73  0.198106
0.591158 2.08056 2.34501 2.07686 2.72  15.2709 0.97 15.0654 286.434 1388.25  6.86102e+48  6.86944e+30  1.17129e+33  13.73  0.198106
0.588208 2.08179 2.34502 2.07686 2.72  15.3415 0.96 15.0654 329.994 1378.82  7.96335e+48  9.18567e+30  1.16635e+33  13.73  0.198106
0.585283 2.08304 2.34502 2.07686 2.72  15.4133 0.95 15.0654 367.612 1369.75  8.93803e+48  1.14852e+31  1.16141e+33  13.73  0.198106
0.582305  2.0843 2.34501 2.07686 2.72  15.4871 0.94 15.0654 401.497 1360.78  9.83635e+48  1.38046e+31  1.15636e+33  13.73  0.198106
0.579324 2.08556 2.34502 2.07686 2.72  15.5623 0.93 15.0654 432.216 1351.94  1.06706e+49  1.61212e+31  1.15129e+33  13.73  0.198106
0.57634 2.08684 2.34501 2.07686 2.72  15.6392 0.92 15.0654 460.417 1343.16  1.14555e+49  1.84363e+31  1.14618e+33  13.73  0.198106
0.573324 2.08814 2.34501 2.07686 2.72  15.7181 0.91 15.0654 486.704 1334.34  1.2205e+49  2.0764e+31  1.14101e+33  13.73  0.198106
0.570306 2.08944   2.345 2.07686 2.72  15.7986  0.9 15.0654 511.109 1325.52  1.29188e+49  2.30804e+31  1.13579e+33  13.73  0.198106
0.567274 2.09078 2.34503 2.07686 2.72  15.8811 0.89 15.0654 534.114 1316.63  1.36092e+49  2.54082e+31  1.13055e+33  13.73  0.198106
0.564234 2.09211 2.34502 2.07686 2.72  15.9655 0.88 15.0654 555.718 1307.69  1.42747e+49  2.77287e+31  1.12525e+33  13.73  0.198106
0.561176 2.09345 2.34501 2.07686 2.72  16.0521 0.87 15.0654 576.145 1298.67  1.49212e+49  3.00501e+31  1.1199e+33  13.73  0.198106
0.558101  2.0948 2.34502 2.07686 2.72  16.1409 0.86 15.0654 595.482 1289.55  1.55502e+49  3.23677e+31  1.11451e+33  13.73  0.198106
0.555027 2.09615   2.345 2.07686 2.72  16.2318 0.85 15.0654 613.802 1280.34  1.61631e+49  3.46786e+31  1.10907e+33  13.73  0.198106
0.55194 2.09752 2.34501 2.07686 2.72  16.3252 0.84 15.0654 631.259   1271  1.67639e+49  3.69905e+31  1.10361e+33  13.73  0.198106
0.54886 2.09891 2.34502 2.07686 2.72  16.4208 0.83 15.0654 647.813 1261.56  1.7351e+49  3.929e+31  1.09814e+33  13.73  0.198106
0.54575 2.10029   2.345 2.07686 2.72  16.5193 0.82 15.0654 663.622 1251.94  1.7928e+49  4.15874e+31  1.09258e+33  13.73  0.198106
0.54266 2.10169   2.345 2.07686 2.72  16.6202 0.81 15.0654 678.649 1242.2  1.84939e+49  4.38714e+31  1.08703e+33  13.73  0.198106
0.539564 2.10311 2.34502 2.07686 2.72  16.7241  0.8 15.0654 693.024 1232.29  1.9052e+49  4.61527e+31  1.08146e+33  13.73  0.198106
0.536469 2.10453 2.34503 2.07686 2.72  16.8307 0.79 15.0654 706.691 1222.21  1.95999e+49  4.84163e+31  1.07587e+33  13.73  0.198106
0.533367 2.10592   2.345 2.07686 2.72  16.9406 0.78 15.0654 719.733 1211.95  2.01399e+49  5.06685e+31  1.07021e+33  13.73  0.198106
0.530283 2.10735 2.34501 2.07686 2.72  17.0535 0.77 15.0654 732.151 1201.52  2.06719e+49  5.29041e+31  1.06459e+33  13.73  0.198106
0.524139 2.11022 2.34503 2.07686 2.72  17.2901 0.75 15.0654  755.27 1180.01  2.17136e+49  5.73247e+31  1.05331e+33  13.73  0.198106
0.521088 2.11164 2.34502 2.07686 2.72  17.4139 0.74 15.0654     766 1168.92  2.22231e+49  5.95033e+31  1.04765e+33  13.73  0.198106
0.518053 2.11307 2.34502 2.07686 2.72  17.5418 0.73 15.0654 776.179 1157.58  2.27246e+49  6.16547e+31  1.04201e+33  13.73  0.198106
0.515043 2.11449 2.34502 2.07686 2.72  17.6739 0.72 15.0654 785.836 1146.02  2.32188e+49  6.37793e+31  1.03639e+33  13.73  0.198106
0.512066 2.11591 2.34502 2.07686 2.72  17.8104 0.71 15.0654  794.98 1134.2  2.37047e+49  6.58718e+31  1.03082e+33  13.73  0.198106
0.509117 2.11731 2.34502 2.07686 2.72   17.952  0.7 15.0654  803.63 1122.05  2.41819e+49  6.7929e+31  1.02526e+33  13.73  0.198106
0.506221 2.11872 2.34503 2.07686 2.72  18.0985 0.69 15.0654 811.786 1109.64  2.46501e+49  6.9947e+31  1.01979e+33  13.73  0.198106
0.503366 2.12009 2.34502 2.07686 2.72  18.2507 0.68 15.0654 819.462 1096.87  2.51078e+49  7.19193e+31  1.01435e+33  13.73  0.198106
0.500578 2.12147 2.34504 2.07686 2.72  18.4086 0.67 15.0654  826.65 1083.79  2.55547e+49  7.38416e+31  1.00904e+33  13.73  0.198106
0.497851  2.1228 2.34503 2.07686 2.72  18.5731 0.66 15.0654 833.362 1070.33  2.59891e+49  7.57066e+31  1.00382e+33  13.73  0.198106
0.495205 2.12408 2.34502 2.07686 2.72  18.7443 0.65 15.0654 839.582 1056.49  2.6409e+49  7.75039e+31  9.98712e+32  13.73  0.198106
0.492656 2.12535 2.34503 2.07686 2.72  18.9233 0.64 15.0654 845.339 1042.22  2.68138e+49  7.92315e+31  9.93791e+32  13.73  0.198106
0.490221 2.12657 2.34503 2.07686 2.72  19.1101 0.63 15.0654 850.612 1027.5  2.71997e+49  8.08732e+31  9.89064e+32  13.73  0.198106
0.487916 2.12772 2.34503 2.07686 2.72  19.3062 0.62 15.0654 855.407 1012.3  2.75649e+49  8.24209e+31  9.84575e+32  13.73  0.198106
0.485763  2.1288 2.34503 2.07686 2.72   19.512 0.61 15.0654 859.705 996.566  2.79052e+49  8.38576e+31  9.80359e+32  13.73  0.198106
0.48051 2.13145 2.34502 2.07686 2.72  20.1998 0.58 15.0654 869.499 945.825  2.87362e+49  8.73388e+31  9.70012e+32  13.73  0.198106
0.479282 2.13208 2.34503 2.07686 2.72  20.4577 0.57 15.0654 871.656 927.527  2.89305e+49  8.81474e+31  9.67576e+32  13.73  0.198106
0.478382 2.13255 2.34503 2.07686 2.72  20.7323 0.56 15.0654   873.2 908.508  2.90734e+49  8.87398e+31  9.65796e+32  13.73  0.198106
0.477864 2.13281 2.34502 2.07686 2.72  21.0264 0.55 15.0654 874.075 888.657  2.91549e+49  8.90778e+31  9.64759e+32  13.73  0.198106
    0.7 2.31827 2.66663 2.31827 2.72  14.9689    1 14.9689       0 1524.19  0  0  1.60363e+33  13.73  0.198106
0.69569 2.32023 2.66662 2.31827 2.72  15.0394 0.99 14.9689 179.503 1500.86  4.90939e+48  3.0804e+30  1.59537e+33  13.73  0.198106
0.691185 2.32185 2.66663 2.31827 2.72  15.1084 0.98 14.9689 253.777 1487.81  6.99325e+48  6.20354e+30  1.58728e+33  13.73  0.198106
0.686719 2.32347 2.66662 2.31827 2.72  15.1786 0.97 14.9689 309.754 1476.38  8.6014e+48  9.3131e+30  1.57919e+33  13.73  0.198106
0.682246 2.32514 2.66664 2.31827 2.72  15.2507 0.96 14.9689 356.446 1465.65  9.97516e+48  1.24286e+31  1.57105e+33  13.73  0.198106
0.677759 2.32679 2.66663 2.31827 2.72  15.3242 0.95 14.9689 397.073 1455.34  1.11996e+49  1.55446e+31  1.56282e+33  13.73  0.198106
0.673306 2.32846 2.66662 2.31827 2.72  15.3992 0.94 14.9689 433.205 1445.33  1.23161e+49  1.86498e+31  1.5546e+33  13.73  0.198106
0.668818 2.33016 2.66663 2.31827 2.72   15.476 0.93 14.9689 466.113 1435.42  1.33584e+49  2.17647e+31  1.54628e+33  13.73  0.198106
0.664352 2.33187 2.66664 2.31827 2.72  15.5544 0.92 14.9689 496.273 1425.64  1.43385e+49  2.48733e+31  1.53796e+33  13.73  0.198106
0.659882 2.33358 2.66663 2.31827 2.72  15.6346 0.91 14.9689 524.219 1415.89  1.52708e+49  2.79823e+31  1.52956e+33  13.73  0.198106
0.655402 2.33531 2.66663 2.31827 2.72  15.7167  0.9 14.9689 550.284 1406.14  1.61635e+49  3.10908e+31  1.5211e+33  13.73  0.198106
0.65093 2.33705 2.66662 2.31827 2.72  15.8007 0.89 14.9689  574.61 1396.39  1.70201e+49  3.41856e+31  1.5126e+33  13.73  0.198106
0.646461  2.3388 2.66662 2.31827 2.72  15.8866 0.88 14.9689 597.508 1386.61  1.78491e+49  3.72793e+31  1.50407e+33  13.73  0.198106
0.642013 2.34057 2.66662 2.31827 2.72  15.9745 0.87 14.9689 619.067 1376.79  1.86521e+49  4.03621e+31  1.49553e+33  13.73  0.198106
0.63756 2.34239 2.66666 2.31827 2.72  16.0647 0.86 14.9689 639.497 1366.86  1.94353e+49  4.34449e+31  1.48695e+33  13.73  0.198106
0.63311 2.34415 2.66661 2.31827 2.72   16.157 0.85 14.9689 658.814 1356.86  2.01976e+49  4.65127e+31  1.47827e+33  13.73  0.198106
0.628682 2.34596 2.66661 2.31827 2.72  16.2516 0.84 14.9689 677.152 1346.76  2.09439e+49  4.95738e+31  1.46961e+33  13.73  0.198106
0.624268  2.3478 2.66664 2.31827 2.72  16.3485 0.83 14.9689 694.572 1336.55  2.16752e+49  5.26246e+31  1.46095e+33  13.73  0.198106
0.619853 2.34962 2.66662 2.31827 2.72  16.4481 0.82 14.9689 711.105 1326.2  2.23913e+49  5.56572e+31  1.45221e+33  13.73  0.198106
0.615465 2.35147 2.66663 2.31827 2.72  16.5502 0.81 14.9689 726.863 1315.72  2.30961e+49  5.86812e+31  1.44349e+33  13.73  0.198106
0.611103 2.35333 2.66663 2.31827 2.72  16.6548  0.8 14.9689 741.827 1305.11  2.37879e+49  6.16833e+31  1.43476e+33  13.73  0.198106
0.606743 2.35517 2.66661 2.31827 2.72  16.7625 0.79 14.9689 756.084 1294.32  2.44696e+49  6.46705e+31  1.42598e+33  13.73  0.198106
0.602407 2.35704 2.66661 2.31827 2.72  16.8731 0.78 14.9689 769.595 1283.38  2.51397e+49  6.76285e+31  1.41722e+33  13.73  0.198106
 0.5981 2.35893 2.66663 2.31827 2.72  16.9869 0.77 14.9689 782.481 1272.27  2.58017e+49  7.05718e+31  1.40848e+33  13.73  0.198106
0.593821 2.36077  2.6666 2.31827 2.72  17.1037 0.76 14.9689 794.691 1260.98  2.64522e+49  7.348e+31  1.39971e+33  13.73  0.198106
0.589568 2.36268 2.66664 2.31827 2.72  17.2244 0.75 14.9689  806.32 1249.46  2.70957e+49  7.63689e+31  1.39099e+33  13.73  0.198106
0.585361 2.36454 2.66662 2.31827 2.72  17.3483 0.74 14.9689 817.328 1237.76  2.77282e+49  7.92187e+31  1.38229e+33  13.73  0.198106
0.581184 2.36642 2.66663 2.31827 2.72  17.4764 0.73 14.9689 827.786 1225.79  2.8353e+49  8.20401e+31  1.37361e+33  13.73  0.198106
0.577065 2.36829 2.66663 2.31827 2.72  17.6081 0.72 14.9689 837.654 1213.63  2.89674e+49  8.4817e+31  1.365e+33  13.73  0.198106
0.572984 2.37018 2.66665 2.31827 2.72  17.7446 0.71 14.9689 846.992 1201.19  2.95735e+49  8.7557e+31  1.35645e+33  13.73  0.198106
0.56897   2.372 2.66661 2.31827 2.72  17.8852  0.7 14.9689 855.776 1188.5  3.01673e+49  9.02413e+31  1.34794e+33  13.73  0.198106
0.565019 2.37385 2.66663 2.31827 2.72   18.031 0.69 14.9689 864.062 1175.5  3.07524e+49  9.28822e+31  1.33957e+33  13.73  0.198106
0.561149 2.37565  2.6666 2.31827 2.72  18.1816 0.68 14.9689 871.811 1162.22  3.1324e+49  9.54572e+31  1.33128e+33  13.73  0.198106
0.557351 2.37746 2.66662 2.31827 2.72  18.3381 0.67 14.9689  879.06 1148.58  3.18841e+49  9.79718e+31  1.32315e+33  13.73  0.198106
0.553662 2.37922 2.66663 2.31827 2.72  18.5003 0.66 14.9689 885.802 1134.63  3.24293e+49  1.00411e+32  1.3152e+33  13.73  0.198106
0.550087 2.38095 2.66663 2.31827 2.72  18.6688 0.65 14.9689 892.069 1120.29  3.29587e+49  1.02773e+32  1.30744e+33  13.73  0.198106
0.546643 2.38264 2.66664 2.31827 2.72  18.8444 0.64 14.9689 897.846 1105.53  3.34694e+49  1.05041e+32  1.29994e+33  13.73  0.198106
0.543336 2.38425 2.66664 2.31827 2.72  19.0274 0.63 14.9689 903.114 1090.35  3.39589e+49  1.07202e+32  1.2927e+33  13.73  0.198106
0.540193 2.38578 2.66662 2.31827 2.72  19.2188 0.62 14.9689 907.894 1074.69  3.44241e+49  1.09246e+32  1.28577e+33  13.73  0.198106
0.537262 2.38725 2.66663 2.31827 2.72  19.4189 0.61 14.9689 912.186 1058.54  3.48609e+49  1.11156e+32  1.2793e+33  13.73  0.198106
0.534548 2.38859 2.66661 2.31827 2.72  19.6292  0.6 14.9689 915.987 1041.81  3.52643e+49  1.1291e+32  1.27326e+33  13.73  0.198106
0.532109 2.38982 2.66661 2.31827 2.72  19.8501 0.59 14.9689 919.273 1024.51  3.5629e+49  1.14487e+32  1.26783e+33  13.73  0.198106
0.529978 2.39091 2.66663 2.31827 2.72  20.0837 0.58 14.9689 922.037 1006.55  3.59482e+49  1.1586e+32  1.26307e+33  13.73  0.198106
0.52821 2.39179 2.66661 2.31827 2.72  20.3308 0.57 14.9689  924.26 987.873  3.62127e+49  1.16994e+32  1.25908e+33  13.73  0.198106
0.526866 2.39249 2.66662 2.31827 2.72  20.5932 0.56 14.9689 925.901 968.461  3.6415e+49  1.17856e+32  1.25607e+33  13.73  0.198106
0.526019 2.39295 2.66665 2.31827 2.72  20.8733 0.55 14.9689 926.943 948.211  3.65442e+49  1.18408e+32  1.25418e+33  13.73  0.198106
    0.8 2.47411 2.88269 2.47411 2.72  14.8023    1 14.8023       0 1601.35  0  0  1.96888e+33  13.73  0.198106
0.793388 2.47647 2.88268 2.47411 2.72  14.8751 0.99 14.8023 189.964 1574.36  5.6134e+48  3.7274e+30  1.95656e+33  13.73  0.198106
0.786622 2.47849 2.88269 2.47411 2.72  14.9472 0.98 14.8023 269.324 1559.38  8.02234e+48  7.55239e+30  1.94441e+33  13.73  0.198106
0.779829 2.48047 2.88269 2.47411 2.72  15.0208 0.97 14.8023 328.985 1546.28  9.87889e+48  1.13604e+31  1.93212e+33  13.73  0.198106
0.773193 2.48249  2.8827 2.47411 2.72  15.0955 0.96 14.8023 378.243 1534.19  1.14516e+49  1.51408e+31  1.91999e+33  13.73  0.198106
0.766514 2.48451 2.88269 2.47411 2.72  15.1721 0.95 14.8023 421.199 1522.55  1.28582e+49  1.8931e+31  1.90768e+33  13.73  0.198106
0.759948 2.48655  2.8827 2.47411 2.72    15.25 0.94 14.8023 459.341 1511.32  1.41403e+49  2.2704e+31  1.89549e+33  13.73  0.198106
0.753414 2.48859 2.88268 2.47411 2.72  15.3296 0.93 14.8023 493.961 1500.26  1.53352e+49  2.64783e+31  1.88322e+33  13.73  0.198106
0.746913 2.49067  2.8827 2.47411 2.72   15.411 0.92 14.8023 525.686 1489.33  1.646e+49  3.02458e+31  1.87095e+33  13.73  0.198106
0.740497 2.49275 2.88269 2.47411 2.72  15.4939 0.91 14.8023 554.906 1478.53  1.75254e+49  3.39934e+31  1.85871e+33  13.73  0.198106
0.734109 2.49484  2.8827 2.47411 2.72  15.5787  0.9 14.8023 582.141 1467.77  1.85465e+49  3.77397e+31  1.84644e+33  13.73  0.198106
0.727782 2.49694 2.88269 2.47411 2.72  15.6653 0.89 14.8023  607.52 1457.04  1.95262e+49  4.14655e+31  1.83418e+33  13.73  0.198106
0.721471 2.49905 2.88269 2.47411 2.72  15.7541 0.88 14.8023 631.345 1446.27  2.04734e+49  4.5182e+31  1.82186e+33  13.73  0.198106
0.71523 2.50116 2.88267 2.47411 2.72  15.8446 0.87 14.8023  653.74 1435.51  2.13908e+49  4.8881e+31  1.80957e+33  13.73  0.198106
0.709059 2.50332  2.8827 2.47411 2.72  15.9373 0.86 14.8023 674.872 1424.71  2.22838e+49  5.25677e+31  1.79735e+33  13.73  0.198106
0.702917 2.50549 2.88272 2.47411 2.72  16.0322 0.85 14.8023 694.842 1413.83  2.31544e+49  5.62377e+31  1.7851e+33  13.73  0.198106
0.696834 2.50763 2.88269 2.47411 2.72  16.1292 0.84 14.8023 713.711 1402.89  2.40038e+49  5.98839e+31  1.77282e+33  13.73  0.198106
0.690795 2.50978 2.88267 2.47411 2.72  16.2286 0.83 14.8023 731.603 1391.86  2.48361e+49  6.35136e+31  1.76056e+33  13.73  0.198106
0.684834 2.51198 2.88269 2.47411 2.72  16.3304 0.82 14.8023 748.547 1380.75  2.56518e+49  6.7119e+31  1.74839e+33  13.73  0.198106
0.678895 2.51416 2.88269 2.47411 2.72  16.4349 0.81 14.8023 764.641 1369.49  2.64532e+49  7.07042e+31  1.73616e+33  13.73  0.198106
0.673047 2.51637  2.8827 2.47411 2.72  16.5418  0.8 14.8023 779.907 1358.14  2.72407e+49  7.42624e+31  1.72403e+33  13.73  0.198106
0.667244 2.51858 2.88269 2.47411 2.72  16.6516 0.79 14.8023 794.415 1346.63  2.80162e+49  7.77974e+31  1.71189e+33  13.73  0.198106
0.661494 2.52078 2.88267 2.47411 2.72  16.7643 0.78 14.8023 808.156 1334.96  2.87784e+49  8.12963e+31  1.69977e+33  13.73  0.198106
0.655828 2.52302 2.88269 2.47411 2.72  16.8799 0.77 14.8023 821.228 1323.14  2.95313e+49  8.47724e+31  1.68778e+33  13.73  0.198106
0.650232 2.52525 2.88269 2.47411 2.72  16.9986 0.76 14.8023 833.611 1311.16  3.02721e+49  8.82092e+31  1.67582e+33  13.73  0.198106
0.64468 2.52747 2.88268 2.47411 2.72  17.1209 0.75 14.8023 845.338 1298.95  3.10024e+49  9.16082e+31  1.66387e+33  13.73  0.198106
0.639213 2.52968 2.88267 2.47411 2.72  17.2465 0.74 14.8023 856.412 1286.61  3.1722e+49  9.49624e+31  1.65204e+33  13.73  0.198106
0.633825 2.53194 2.88272 2.47411 2.72  17.3759 0.73 14.8023 866.894 1274.03  3.24327e+49  9.82781e+31  1.64033e+33  13.73  0.198106
0.628516 2.53413  2.8827 2.47411 2.72  17.5091 0.72 14.8023 876.773 1261.24  3.31309e+49  1.01538e+32  1.62866e+33  13.73  0.198106
0.623293 2.53632 2.88266 2.47411 2.72  17.6464 0.71 14.8023 886.089 1248.21  3.38189e+49  1.04748e+32  1.6171e+33  13.73  0.198106
0.618173 2.53852 2.88268 2.47411 2.72  17.7881  0.7 14.8023 894.841 1234.91  3.44953e+49  1.07898e+32  1.60572e+33  13.73  0.198106
0.613154  2.5407 2.88268 2.47411 2.72  17.9345 0.69 14.8023 903.055 1221.36  3.51604e+49  1.10988e+32  1.59448e+33  13.73  0.198106
0.608239 2.54284 2.88268 2.47411 2.72  18.0857 0.68 14.8023 910.711 1207.51  3.58113e+49  1.14001e+32  1.58341e+33  13.73  0.198106
0.603462 2.54498  2.8827 2.47411 2.72  18.2423 0.67 14.8023 917.877 1193.35  3.64493e+49  1.16945e+32  1.57259e+33  13.73  0.198106
0.59882 2.54707 2.88271 2.47411 2.72  18.4044 0.66 14.8023 924.507 1178.87  3.70704e+49  1.19797e+32  1.562e+33  13.73  0.198106
0.594313 2.54908 2.88266 2.47411 2.72  18.5728 0.65 14.8023 930.632 1164.01  3.7673e+49  1.22551e+32  1.55163e+33  13.73  0.198106
0.589988 2.55107 2.88267 2.47411 2.72  18.7475 0.64 14.8023 936.251 1148.79  3.82562e+49  1.25199e+32  1.54165e+33  13.73  0.198106
0.585858 2.55299 2.88268 2.47411 2.72  18.9294 0.63 14.8023 941.392 1133.13  3.8816e+49  1.27729e+32  1.53206e+33  13.73  0.198106
0.581953 2.55483 2.88268 2.47411 2.72  19.1188 0.62 14.8023 946.043 1117.02  3.93481e+49  1.3012e+32  1.52293e+33  13.73  0.198106
0.578285 2.55657 2.88269 2.47411 2.72  19.3167 0.61 14.8023 950.187 1100.45  3.98501e+49  1.32357e+32  1.51432e+33  13.73  0.198106
0.574905 2.55819 2.88269 2.47411 2.72  19.5239  0.6 14.8023  953.85 1083.32  4.0315e+49  1.34417e+32  1.50634e+33  13.73  0.198106
0.571867 2.55966 2.88269 2.47411 2.72  19.7411 0.59 14.8023 957.027 1065.62  4.07353e+49  1.36271e+32  1.49913e+33  13.73  0.198106
0.569189 2.56093 2.88267 2.47411 2.72  19.9699 0.58 14.8023 959.685 1047.28  4.11054e+49  1.37891e+32  1.49274e+33  13.73  0.198106
0.566964 2.56201 2.88265 2.47411 2.72  20.2113 0.57 14.8023 961.819 1028.26  4.14144e+49  1.39236e+32  1.48741e+33  13.73  0.198106
0.565268 2.56289 2.88271 2.47411 2.72  20.4669 0.56 14.8023 963.433 1008.52  4.16546e+49  1.40279e+32  1.48338e+33  13.73  0.198106
0.564156 2.56343 2.88269 2.47411 2.72  20.7388 0.55 14.8023 964.449 987.94  4.18096e+49  1.4095e+32  1.48069e+33  13.73  0.198106
0.563712 2.56361 2.88266 2.47411 2.72  21.0286 0.54 14.8023 964.828 966.539  4.18695e+49  1.41207e+32  1.4796e+33  13.73  0.198106
    0.9  2.5721 3.02268 2.5721 2.72  14.6161    1 14.616       0 1664.12  0  0  2.27239e+33  13.73  0.198106
0.889392 2.57467 3.02268 2.5721 2.72  14.6937 0.99 14.616 200.024 1633.3  6.13856e+48  4.29198e+30  2.25418e+33  13.73  0.198106
0.879356 2.57698 3.02269 2.5721 2.72  14.7701 0.98 14.616 282.292 1616.48  8.73862e+48  8.62283e+30  2.2371e+33  13.73  0.198106
0.869341 2.57925 3.02268 2.5721 2.72  14.8479 0.97 14.616 344.697 1601.74  1.07636e+49  1.2969e+31  2.21989e+33  13.73  0.198106
0.859532 2.58155 3.02268 2.5721 2.72   14.927 0.96 14.616 396.141 1588.12  1.24785e+49  1.72791e+31  2.20285e+33  13.73  0.198106
0.849898 2.58386 3.02269 2.5721 2.72  15.0076 0.95 14.616 440.853 1575.12  1.40103e+49  2.15899e+31  2.18592e+33  13.73  0.198106
0.840353 2.58617 3.02268 2.5721 2.72  15.0898 0.94 14.616 480.574 1562.51  1.5409e+49  2.58847e+31  2.16896e+33  13.73  0.198106
0.831061  2.5885 3.02268 2.5721 2.72  15.1732 0.93 14.616 516.339 1550.26  1.67052e+49  3.01505e+31  2.15226e+33  13.73  0.198106
0.821874 2.59086 3.02269 2.5721 2.72  15.2584 0.92 14.616 549.118 1538.19  1.79275e+49  3.44107e+31  2.13561e+33  13.73  0.198106
0.812857  2.5932 3.02269 2.5721 2.72  15.3451 0.91 14.616 579.212 1526.3  1.90836e+49  3.86372e+31  2.11908e+33  13.73  0.198106
0.803914 2.59556 3.02268 2.5721 2.72  15.4337  0.9 14.616 607.171 1514.46  2.019e+49  4.28506e+31  2.10252e+33  13.73  0.198106
0.795235 2.59794 3.02269 2.5721 2.72   15.524 0.89 14.616  633.26 1502.7  2.12543e+49  4.70475e+31  2.08616e+33  13.73  0.198106
0.786774 2.60033 3.02269 2.5721 2.72  15.6161 0.88 14.616 657.661 1490.98  2.22811e+49  5.1221e+31  2.06989e+33  13.73  0.198106
0.778407 2.60272 3.02268 2.5721 2.72  15.7102 0.87 14.616 680.576 1479.23  2.32762e+49  5.53728e+31  2.05364e+33  13.73  0.198106
0.770228 2.60512 3.02267 2.5721 2.72   15.806 0.86 14.616 702.099 1467.53  2.4242e+49  5.94942e+31  2.03757e+33  13.73  0.198106
0.762162 2.60754 3.02268 2.5721 2.72  15.9041 0.85 14.616 722.426 1455.78  2.51846e+49  6.3597e+31  2.02159e+33  13.73  0.198106
0.75424 2.60996 3.02268 2.5721 2.72  16.0042 0.84 14.616 741.578 1444.01  2.61038e+49  6.76657e+31  2.00572e+33  13.73  0.198106
0.746412 2.61241 3.02269 2.5721 2.72  16.1067 0.83 14.616 759.706 1432.15  2.70042e+49  7.17111e+31  1.98989e+33  13.73  0.198106
0.738737 2.61484 3.02268 2.5721 2.72  16.2114 0.82 14.616 776.846 1420.25  2.78861e+49  7.57236e+31  1.97421e+33  13.73  0.198106
0.731181 2.61729 3.02268 2.5721 2.72  16.3186 0.81 14.616 793.092 1408.25  2.87526e+49  7.97092e+31  1.95862e+33  13.73  0.198106
0.723726 2.61974 3.02267 2.5721 2.72  16.4284  0.8 14.616 808.451 1396.14  2.96029e+49  8.36559e+31  1.9431e+33  13.73  0.198106
0.716412 2.62221 3.02267 2.5721 2.72  16.5408 0.79 14.616 823.006 1383.94  3.04403e+49  8.75708e+31  1.92774e+33  13.73  0.198106
0.709222 2.62467 3.02267 2.5721 2.72  16.6559 0.78 14.616 836.792 1371.61  3.12643e+49  9.1448e+31  1.91249e+33  13.73  0.198106
0.70214 2.62715 3.02268 2.5721 2.72  16.7741 0.77 14.616 849.839 1359.13  3.20757e+49  9.52844e+31  1.89734e+33  13.73  0.198106
 0.6952 2.62963 3.02268 2.5721 2.72  16.8952 0.76 14.616 862.195 1346.52  3.28757e+49  9.90808e+31  1.88237e+33  13.73  0.198106
0.688379  2.6321 3.02267 2.5721 2.72  17.0195 0.75 14.616 873.872 1333.73  3.36639e+49  1.0283e+32  1.86751e+33  13.73  0.198106
0.681679 2.63458 3.02268 2.5721 2.72  17.1472 0.74 14.616 884.906 1320.75  3.44408e+49  1.06532e+32  1.85281e+33  13.73  0.198106
0.675119 2.63705 3.02268 2.5721 2.72  17.2784 0.73 14.616 895.316 1307.6  3.52065e+49  1.10181e+32  1.83828e+33  13.73  0.198106
0.668665 2.63951 3.02269 2.5721 2.72  17.4135 0.72 14.616 905.087 1294.24  3.59604e+49  1.13769e+32  1.82389e+33  13.73  0.198106
0.662362 2.64196 3.02269 2.5721 2.72  17.5525 0.71 14.616 914.278 1280.68  3.6703e+49  1.17297e+32  1.80971e+33  13.73  0.198106
0.656189 2.64438 3.02268 2.5721 2.72  17.6957  0.7 14.616 922.889 1266.86  3.74323e+49  1.20755e+32  1.7957e+33  13.73  0.198106
0.650172  2.6468 3.02268 2.5721 2.72  17.8434 0.69 14.616 930.953 1252.79  3.81494e+49  1.24143e+32  1.78195e+33  13.73  0.198106
0.644327 2.64917 3.02267 2.5721 2.72  17.9957 0.68 14.616 938.478 1238.47  3.88519e+49  1.27452e+32  1.76848e+33  13.73  0.198106
0.638617 2.65151 3.02265 2.5721 2.72  18.1534 0.67 14.616 945.447 1223.83  3.9539e+49  1.30669e+32  1.75522e+33  13.73  0.198106
0.633116 2.65383 3.02266 2.5721 2.72  18.3162 0.66 14.616 951.908 1208.89  4.02091e+49  1.33791e+32  1.74237e+33  13.73  0.198106
0.627816 2.65612 3.02271 2.5721 2.72   18.485 0.65 14.616 957.874 1193.61  4.08617e+49  1.36815e+32  1.72993e+33  13.73  0.198106
0.622722 2.65828 3.02266 2.5721 2.72  18.6598 0.64 14.616 963.319 1177.98  4.14901e+49  1.39708e+32  1.71781e+33  13.73  0.198106
0.617867 2.66043 3.02269 2.5721 2.72  18.8416 0.63 14.616 968.277 1161.93  4.20957e+49  1.42477e+32  1.70625e+33  13.73  0.198106
0.613284 2.66246 3.02269 2.5721 2.72  19.0306 0.62 14.616 972.745 1145.45  4.26711e+49  1.45091e+32  1.69524e+33  13.73  0.198106
0.608999 2.66437 3.02267 2.5721 2.72  19.2276 0.61 14.616 976.733 1128.48  4.3212e+49  1.47533e+32  1.68487e+33  13.73  0.198106
0.605047 2.66616 3.02267 2.5721 2.72  19.4334  0.6 14.616 980.222 1111.02  4.37153e+49  1.49784e+32  1.67527e+33  13.73  0.198106
0.601491  2.6678 3.02269 2.5721 2.72  19.6489 0.59 14.616 983.231 1092.99  4.41712e+49  1.51811e+32  1.66659e+33  13.73  0.198106
0.59839 2.66921 3.02266 2.5721 2.72  19.8753 0.58 14.616 985.771 1074.33  4.4571e+49  1.53581e+32  1.65895e+33  13.73  0.198106
0.595794 2.67042 3.02266 2.5721 2.72  20.1133 0.57 14.616 987.793 1055.05  4.49082e+49  1.5506e+32  1.65255e+33  13.73  0.198106
0.593815 2.67137 3.02267 2.5721 2.72   20.365 0.56 14.616 989.313 1035.01  4.5167e+49  1.56194e+32  1.64766e+33  13.73  0.198106
0.592513   2.672 3.02269 2.5721 2.72  20.6316 0.55 14.616 990.279 1014.23  4.53388e+49  1.56941e+32  1.64445e+33  13.73  0.198106
0.592001 2.67221 3.02265 2.5721 2.72  20.9154 0.54 14.616 990.646 992.597  4.54038e+49  1.57224e+32  1.64315e+33  13.73  0.198106
      1 2.63463 3.11427 2.63463 2.72   14.429    1 14.429       0 1717.13  0  0  2.52633e+33  13.73  0.198106
0.983716 2.63746 3.11427 2.63463 2.72  14.5146 0.99 14.429 208.118 1682.45  6.4935e+48  4.72387e+30  2.50052e+33  13.73  0.198106
0.968772 2.63996 3.11428 2.63463 2.72  14.5976 0.98 14.429 293.399 1663.37  9.24156e+48  9.47792e+30  2.47671e+33  13.73  0.198106
0.954241 2.64248 3.11428 2.63463 2.72  14.6819 0.97 14.429 357.907 1646.67  1.13808e+49  1.42381e+31  2.45317e+33  13.73  0.198106
0.94025 2.64497 3.11427 2.63463 2.72  14.7669 0.96 14.429 411.116 1631.32  1.31977e+49  1.89658e+31  2.43014e+33  13.73  0.198106
0.926781  2.6475 3.11427 2.63463 2.72   14.853 0.95 14.429 456.904 1616.81  1.4808e+49  2.365e+31  2.40761e+33  13.73  0.198106
0.913718 2.65002 3.11428 2.63463 2.72  14.9403 0.94 14.429 497.647 1602.83  1.62836e+49  2.83257e+31  2.38543e+33  13.73  0.198106
0.901138 2.65256 3.11428 2.63463 2.72  15.0285 0.93 14.429 534.217 1589.31  1.76488e+49  3.29566e+31  2.36375e+33  13.73  0.198106
0.888846 2.65512 3.11428 2.63463 2.72  15.1184 0.92 14.429 567.661 1576.02  1.89354e+49  3.75727e+31  2.34226e+33  13.73  0.198106
0.876939 2.65768 3.11428 2.63463 2.72  15.2095 0.91 14.429 598.404 1562.98  2.01551e+49  4.21589e+31  2.32115e+33  13.73  0.198106
0.865373 2.66025 3.11428 2.63463 2.72  15.3021  0.9 14.429 626.836 1550.12  2.13193e+49  4.67127e+31  2.30036e+33  13.73  0.198106
0.85408 2.66284 3.11428 2.63463 2.72  15.3963 0.89 14.429 653.336 1537.37  2.24395e+49  5.12458e+31  2.27981e+33  13.73  0.198106
0.843042 2.66542 3.11428 2.63463 2.72  15.4923 0.88 14.429 678.002 1524.69  2.35175e+49  5.57353e+31  2.25945e+33  13.73  0.198106
0.832275 2.66801 3.11427 2.63463 2.72    15.59 0.87 14.429 701.166 1512.07  2.45635e+49  6.02033e+31  2.23935e+33  13.73  0.198106
0.821803 2.67062 3.11428 2.63463 2.72  15.6894 0.86 14.429 722.894 1499.5  2.55786e+49  6.46337e+31  2.21957e+33  13.73  0.198106
0.811512 2.67323 3.11428 2.63463 2.72   15.791 0.85 14.429 743.365 1486.9  2.65685e+49  6.90364e+31  2.19991e+33  13.73  0.198106
0.801472 2.67584 3.11426 2.63463 2.72  15.8944 0.84 14.429  762.64 1474.31  2.75341e+49  7.34005e+31  2.1805e+33  13.73  0.198106
0.791814 2.67848 3.11428 2.63463 2.72       16 0.83 14.429 780.841 1461.72  2.84797e+49  7.77332e+31  2.16136e+33  13.73  0.198106
0.782388  2.6811 3.11427 2.63463 2.72  16.1078 0.82 14.429 798.021 1449.08  2.94058e+49  8.20268e+31  2.1424e+33  13.73  0.198106
0.773171 2.68375 3.11429 2.63463 2.72   16.218 0.81 14.429 814.247 1436.37  3.03143e+49  8.62803e+31  2.12366e+33  13.73  0.198106
0.764168 2.68638 3.11427 2.63463 2.72  16.3306  0.8 14.429 829.602 1423.61  3.1207e+49  9.04962e+31  2.10511e+33  13.73  0.198106
0.755391 2.68902 3.11427 2.63463 2.72  16.4456 0.79 14.429 844.113 1410.78  3.20847e+49  9.4669e+31  2.08683e+33  13.73  0.198106
0.746772 2.69167 3.11427 2.63463 2.72  16.5634 0.78 14.429 857.827 1397.82  3.29486e+49  9.87973e+31  2.06868e+33  13.73  0.198106
0.738374 2.69431 3.11426 2.63463 2.72  16.6839 0.77 14.429 870.775 1384.78  3.37989e+49  1.02877e+32  2.0508e+33  13.73  0.198106
0.730169 2.69696 3.11426 2.63463 2.72  16.8073 0.76 14.429 883.028 1371.61  3.46375e+49  1.06913e+32  2.03316e+33  13.73  0.198106
0.722151 2.69963 3.11428 2.63463 2.72  16.9339 0.75 14.429  894.58 1358.28  3.54634e+49  1.10894e+32  2.01575e+33  13.73  0.198106
0.714324 2.70228 3.11428 2.63463 2.72  17.0637 0.74 14.429 905.487 1344.82  3.62778e+49  1.14824e+32  1.99857e+33  13.73  0.198106
0.706676 2.70492 3.11428 2.63463 2.72  17.1969 0.73 14.429 915.744 1331.16  3.70795e+49  1.18691e+32  1.98162e+33  13.73  0.198106
0.699225 2.70754 3.11426 2.63463 2.72  17.3337 0.72 14.429 925.405 1317.32  3.78695e+49  1.22498e+32  1.96493e+33  13.73  0.198106
0.691946 2.71017 3.11427 2.63463 2.72  17.4745 0.71 14.429 934.435 1303.29  3.86469e+49  1.26233e+32  1.9485e+33  13.73  0.198106
0.68486 2.71274 3.11425 2.63463 2.72  17.6192  0.7 14.429 942.888 1289.05  3.94114e+49  1.29894e+32  1.93234e+33  13.73  0.198106
0.677971 2.71532 3.11426 2.63463 2.72  17.7684 0.69 14.429 950.779 1274.56  4.01622e+49  1.33477e+32  1.9165e+33  13.73  0.198106
0.671297 2.71788 3.11428 2.63463 2.72   17.922 0.68 14.429 958.131 1259.83  4.08986e+49  1.36975e+32  1.90104e+33  13.73  0.198106
0.66483 2.72037 3.11425 2.63463 2.72  18.0807 0.67 14.429 964.944 1244.81  4.16181e+49  1.40376e+32  1.88589e+33  13.73  0.198106
0.658592 2.72284 3.11426 2.63463 2.72  18.2444 0.66 14.429 971.225 1229.51  4.23203e+49  1.43674e+32  1.87118e+33  13.73  0.198106
0.652594 2.72525 3.11426 2.63463 2.72   18.414 0.65 14.429 977.008 1213.87  4.30025e+49  1.46859e+32  1.85692e+33  13.73  0.198106
0.646862  2.7276 3.11427 2.63463 2.72  18.5894 0.64 14.429 982.281 1197.89  4.36617e+49  1.49915e+32  1.84319e+33  13.73  0.198106
0.641408 2.72986 3.11427 2.63463 2.72  18.7715 0.63 14.429  987.07 1181.51  4.4295e+49  1.52831e+32  1.83002e+33  13.73  0.198106
0.636266 2.73203 3.11428 2.63463 2.72  18.9606 0.62 14.429 991.362 1164.73  4.48982e+49  1.55586e+32  1.81752e+33  13.73  0.198106
0.631478 2.73407 3.11427 2.63463 2.72  19.1574 0.61 14.429 995.196 1147.48  4.54654e+49  1.58161e+32  1.80579e+33  13.73  0.198106
0.627083 2.73599 3.11428 2.63463 2.72  19.3627  0.6 14.429 998.549 1129.74  4.59922e+49  1.60532e+32  1.79497e+33  13.73  0.198106
0.623115 2.73772 3.11427 2.63463 2.72  19.5771 0.59 14.429 1001.42 1111.48  4.64702e+49  1.62666e+32  1.78513e+33  13.73  0.198106
0.619673 2.73925 3.11427 2.63463 2.72   19.802 0.58 14.429 1003.84 1092.59  4.689e+49  1.64532e+32  1.77655e+33  13.73  0.198106
0.616788 2.74053 3.11427 2.63463 2.72  20.0382 0.57 14.429 1005.74 1073.08  4.72418e+49  1.66082e+32  1.76932e+33  13.73  0.198106
0.614596 2.74153 3.11427 2.63463 2.72  20.2873 0.56 14.429 1007.19 1052.85  4.75132e+49  1.67275e+32  1.76382e+33  13.73  0.198106
0.613154 2.74217 3.11427 2.63463 2.72  20.5509 0.55 14.429 1008.08 1031.87  4.76906e+49  1.6805e+32  1.76018e+33  13.73  0.198106
0.612613 2.74242 3.11426 2.63463 2.72  20.8307 0.54 14.429 1008.43 1010.08  4.77576e+49  1.68344e+32  1.75881e+33  13.73  0.198106
    1.1 2.67234 3.17044 2.67234 2.72   14.254    1 14.254       0 1761.35  0  0  2.73148e+33  13.73  0.198106
1.07303 2.67526 3.17038 2.67234 2.72  14.3538 0.99 14.254 214.632 1721.95  6.7212e+48  5.04254e+30  2.69334e+33  13.73  0.198106
1.05026 2.67793 3.17044 2.67234 2.72  14.4471 0.98 14.254 302.435 1700.09  9.57333e+48  1.01205e+31  2.6605e+33  13.73  0.198106
1.02932  2.6806 3.17044 2.67234 2.72  14.5398 0.97 14.254 368.202 1681.28  1.17791e+49  1.51602e+31  2.62939e+33  13.73  0.198106
1.00953 2.68327 3.17044 2.67234 2.72  14.6328 0.96 14.254 422.498 1663.98  1.36581e+49  2.01709e+31  2.59928e+33  13.73  0.198106
0.991301 2.68593 3.17043 2.67234 2.72  14.7255 0.95 14.254  469.06 1647.86  1.53213e+49  2.51207e+31  2.57063e+33  13.73  0.198106
0.974116 2.68861 3.17044 2.67234 2.72  14.8188 0.94 14.254 510.389 1632.43  1.68443e+49  3.00512e+31  2.54284e+33  13.73  0.198106
0.957745  2.6913 3.17045 2.67234 2.72  14.9128 0.93 14.254 547.455 1617.55  1.82542e+49  3.49317e+31  2.51586e+33  13.73  0.198106
0.942176 2.69398 3.17044 2.67234 2.72  15.0076 0.92 14.254 581.203 1603.13  1.95795e+49  3.97775e+31  2.4897e+33  13.73  0.198106
0.927245 2.69668 3.17044 2.67234 2.72  15.1033 0.91 14.254 612.236 1589.03  2.08376e+49  4.45938e+31  2.46418e+33  13.73  0.198106
0.912949 2.69937 3.17041 2.67234 2.72     15.2  0.9 14.254 640.843 1575.21  2.20359e+49  4.93618e+31  2.43928e+33  13.73  0.198106
0.899143 2.70212 3.17045 2.67234 2.72  15.2983 0.89 14.254 667.511 1561.54  2.31903e+49  5.41095e+31  2.41494e+33  13.73  0.198106
0.885868 2.70484 3.17044 2.67234 2.72  15.3977 0.88 14.254 692.329 1548.06  2.43013e+49  5.88099e+31  2.39109e+33  13.73  0.198106
0.873014 2.70757 3.17044 2.67234 2.72  15.4987 0.87 14.254 715.591 1534.68  2.53789e+49  6.34813e+31  2.36767e+33  13.73  0.198106
0.860539  2.7103 3.17045 2.67234 2.72  15.6015 0.86 14.254 737.353 1521.36  2.64235e+49  6.81043e+31  2.34461e+33  13.73  0.198106
0.848476 2.71304 3.17044 2.67234 2.72  15.7059 0.85 14.254 757.849 1508.12  2.74423e+49  7.26964e+31  2.32199e+33  13.73  0.198106
0.836763 2.71579 3.17044 2.67234 2.72  15.8121 0.84 14.254 777.148 1494.89  2.84369e+49  7.72494e+31  2.29973e+33  13.73  0.198106
0.825402 2.71855 3.17044 2.67234 2.72  15.9203 0.83 14.254 795.324 1481.69  2.94094e+49  8.17595e+31  2.27786e+33  13.73  0.198106
0.814283  2.7213 3.17043 2.67234 2.72  16.0309 0.82 14.254 812.465 1468.43  3.03621e+49  8.62275e+31  2.25618e+33  13.73  0.198106
0.803526 2.72406 3.17044 2.67234 2.72  16.1434 0.81 14.254 828.627 1455.21  3.12965e+49  9.06491e+31  2.23496e+33  13.73  0.198106
0.793141 2.72682 3.17043 2.67234 2.72  16.2584  0.8 14.254 843.906 1441.91  3.22149e+49  9.50298e+31  2.21399e+33  13.73  0.198106
0.783098 2.72958 3.17043 2.67234 2.72  16.3758 0.79 14.254 858.305 1428.56  3.31167e+49  9.93567e+31  2.19332e+33  13.73  0.198106
0.773361 2.73236 3.17045 2.67234 2.72  16.4957 0.78 14.254 871.943 1415.15  3.40059e+49  1.03646e+32  2.17306e+33  13.73  0.198106
0.763887 2.73512 3.17043 2.67234 2.72  16.6181 0.77 14.254 884.788 1401.66  3.48801e+49  1.07876e+32  2.15306e+33  13.73  0.198106
0.754642  2.7379 3.17046 2.67234 2.72  16.7437 0.76 14.254  896.91 1388.05  3.57421e+49  1.12057e+32  2.13336e+33  13.73  0.198106
0.74567 2.74064 3.17043 2.67234 2.72  16.8719 0.75 14.254  908.33 1374.34  3.65905e+49  1.16177e+32  2.11396e+33  13.73  0.198106
0.736929 2.74341 3.17044 2.67234 2.72  17.0036 0.74 14.254 919.101 1360.46  3.74274e+49  1.20243e+32  2.09489e+33  13.73  0.198106
0.728456 2.74616 3.17044 2.67234 2.72  17.1383 0.73 14.254 929.229 1346.46  3.82516e+49  1.24246e+32  2.07618e+33  13.73  0.198106
0.720193 2.74889 3.17043 2.67234 2.72  17.2767 0.72 14.254 938.744 1332.25  3.90632e+49  1.28181e+32  2.05773e+33  13.73  0.198106
0.712207 2.75164 3.17045 2.67234 2.72  17.4186 0.71 14.254 947.668 1317.9  3.98627e+49  1.32048e+32  2.03973e+33  13.73  0.198106
0.704405 2.75434 3.17045 2.67234 2.72  17.5648  0.7 14.254 955.977 1303.33  4.06484e+49  1.35831e+32  2.02197e+33  13.73  0.198106
0.696859   2.757 3.17043 2.67234 2.72   17.715 0.69 14.254 963.721 1288.55  4.14196e+49  1.39529e+32  2.0046e+33  13.73  0.198106
0.689561 2.75966 3.17044 2.67234 2.72  17.8698 0.68 14.254 970.932 1273.52  4.2176e+49  1.4314e+32  1.98767e+33  13.73  0.198106
0.682524 2.76227 3.17045 2.67234 2.72  18.0293 0.67 14.254 977.608 1258.23  4.29159e+49  1.46653e+32  1.97118e+33  13.73  0.198106
0.675746 2.76483 3.17044 2.67234 2.72  18.1939 0.66 14.254 983.758 1242.66  4.3637e+49  1.50055e+32  1.95515e+33  13.73  0.198106
0.669235 2.76733 3.17045 2.67234 2.72  18.3641 0.65 14.254 989.392 1226.77  4.4338e+49  1.53339e+32  1.93962e+33  13.73  0.198106
0.663027 2.76975 3.17042 2.67234 2.72  18.5401 0.64 14.254 994.529 1210.55  4.50144e+49  1.56487e+32  1.92467e+33  13.73  0.198106
0.657136 2.77211 3.17043 2.67234 2.72  18.7227 0.63 14.254 999.184 1193.94  4.56654e+49  1.59493e+32  1.91039e+33  13.73  0.198106
 0.6516 2.77437 3.17045 2.67234 2.72  18.9119 0.62 14.254 1003.35 1176.95  4.6285e+49  1.62332e+32  1.89687e+33  13.73  0.198106
0.646439 2.77648 3.17043 2.67234 2.72  19.1088 0.61 14.254 1007.06 1159.5  4.68677e+49  1.64982e+32  1.88415e+33  13.73  0.198106
0.641723 2.77847 3.17045 2.67234 2.72  19.3138  0.6 14.254  1010.3 1141.57  4.74085e+49  1.67424e+32  1.87247e+33  13.73  0.198106
0.637469 2.78027 3.17044 2.67234 2.72  19.5278 0.59 14.254 1013.07 1123.13  4.78993e+49  1.6962e+32  1.86186e+33  13.73  0.198106
0.633775 2.78187 3.17046 2.67234 2.72   19.752 0.58 14.254 1015.38 1104.08  4.83304e+49  1.71538e+32  1.85261e+33  13.73  0.198106
0.630709  2.7832 3.17046 2.67234 2.72   19.987 0.57 14.254 1017.23 1084.42  4.86912e+49  1.73132e+32  1.84488e+33  13.73  0.198106
0.628353  2.7842 3.17042 2.67234 2.72  20.2347 0.56 14.254 1018.59 1064.05  4.89686e+49  1.74352e+32  1.83889e+33  13.73  0.198106
0.626833 2.78488 3.17043 2.67234 2.72  20.4962 0.55 14.254 1019.45 1042.95  4.91494e+49  1.75144e+32  1.83504e+33  13.73  0.198106
0.626273 2.78514 3.17045 2.67234 2.72  20.7735 0.54 14.254 1019.78 1021.07  4.92174e+49  1.75443e+32  1.83363e+33  13.73  0.198106
    1.2 2.69426 3.20362 2.69426 2.72  14.0913    1 14.0913       0 1799.3  0  0  2.89965e+33  13.73  0.198106
1.15529 2.69732 3.20356 2.69426 2.72  14.2149 0.99 14.0913 220.079 1753.6  6.86985e+48  5.28486e+30  2.84225e+33  13.73  0.198106
1.12132  2.7001 3.20362 2.69426 2.72  14.3233 0.98 14.0913 309.458 1728.22  9.78261e+48  1.05819e+31  2.79692e+33  13.73  0.198106
1.09216 2.70287 3.20362 2.69426 2.72  14.4272 0.97 14.0913 375.896 1706.9  1.20259e+49  1.58013e+31  2.75645e+33  13.73  0.198106
 1.0657 2.70563 3.20361 2.69426 2.72  14.5295 0.96 14.0913 430.746 1687.54  1.39412e+49  2.09909e+31  2.71852e+33  13.73  0.198106
1.04198  2.7084 3.20361 2.69426 2.72  14.6296 0.95 14.0913 477.714 1669.76  1.56366e+49  2.61108e+31  2.68347e+33  13.73  0.198106
1.02002 2.71119 3.20361 2.69426 2.72  14.7295 0.94 14.0913 519.281 1652.9  1.71868e+49  3.11965e+31  2.6501e+33  13.73  0.198106
0.99971 2.71396 3.20361 2.69426 2.72  14.8288 0.93 14.0913 556.576 1636.85  1.86238e+49  3.62327e+31  2.61841e+33  13.73  0.198106
0.981039 2.71674 3.20361 2.69426 2.72  14.9281 0.92 14.0913 590.427 1621.41  1.99717e+49  4.12183e+31  2.58808e+33  13.73  0.198106
0.963385 2.71953 3.20363 2.69426 2.72  15.0281 0.91 14.0913 621.549 1606.41  2.12523e+49  4.61731e+31  2.55882e+33  13.73  0.198106
0.94663 2.72232 3.20362 2.69426 2.72  15.1287  0.9 14.0913 650.198 1591.75  2.24711e+49  5.10715e+31  2.53046e+33  13.73  0.198106
0.930699 2.72512 3.20362 2.69426 2.72  15.2302 0.89 14.0913 676.878 1577.38  2.36446e+49  5.59437e+31  2.503e+33  13.73  0.198106
0.91552 2.72793 3.20361 2.69426 2.72  15.3326 0.88 14.0913 701.714 1563.25  2.47749e+49  6.07689e+31  2.47634e+33  13.73  0.198106
0.900901 2.73075 3.20361 2.69426 2.72  15.4366 0.87 14.0913 724.961 1549.24  2.58703e+49  6.55579e+31  2.45023e+33  13.73  0.198106
0.886905 2.73356 3.20361 2.69426 2.72  15.5417 0.86 14.0913 746.741 1535.4  2.69336e+49  7.03028e+31  2.42481e+33  13.73  0.198106
0.873432 2.73639 3.20361 2.69426 2.72  15.6484 0.85 14.0913 767.183 1521.66  2.79687e+49  7.50034e+31  2.39995e+33  13.73  0.198106
0.860419 2.73921 3.20361 2.69426 2.72  15.7569 0.84 14.0913 786.449 1507.97  2.89802e+49  7.96675e+31  2.37557e+33  13.73  0.198106
0.84783 2.74205 3.20361 2.69426 2.72  15.8672 0.83 14.0913 804.553 1494.31  2.99677e+49  8.42786e+31  2.35164e+33  13.73  0.198106
0.835657 2.74488 3.20361 2.69426 2.72  15.9795 0.82 14.0913 821.662 1480.67  3.0937e+49  8.88547e+31  2.32818e+33  13.73  0.198106
0.823884 2.74772 3.20361 2.69426 2.72  16.0938 0.81 14.0913 837.759 1467.06  3.18863e+49  9.33751e+31  2.30516e+33  13.73  0.198106
0.812408 2.75056 3.20362 2.69426 2.72  16.2106  0.8 14.0913 852.951 1453.38  3.28195e+49  9.78509e+31  2.28246e+33  13.73  0.198106
0.801326  2.7534 3.20362 2.69426 2.72  16.3295 0.79 14.0913 867.278 1439.71  3.37364e+49  1.02274e+32  2.26025e+33  13.73  0.198106
0.790713 2.75624 3.20362 2.69426 2.72  16.4509 0.78 14.0913 880.818 1425.96  3.46394e+49  1.06651e+32  2.23839e+33  13.73  0.198106
0.780437 2.75907 3.20361 2.69426 2.72   16.575 0.77 14.0913 893.562 1412.14  3.55273e+49  1.10967e+32  2.21688e+33  13.73  0.198106
0.770479  2.7619 3.20361 2.69426 2.72  16.7018 0.76 14.0913 905.592 1398.24  3.6403e+49  1.15233e+32  2.19578e+33  13.73  0.198106
0.76084 2.76473 3.20361 2.69426 2.72  16.8313 0.75 14.0913 916.919 1384.26  3.72654e+49  1.19439e+32  2.17509e+33  13.73  0.198106
0.751458 2.76756 3.20361 2.69426 2.72  16.9642 0.74 14.0913 927.581 1370.12  3.81153e+49  1.23583e+32  2.15472e+33  13.73  0.198106
0.742395 2.77037  3.2036 2.69426 2.72     17.1 0.73 14.0913 937.607 1355.87  3.89524e+49  1.27662e+32  2.13478e+33  13.73  0.198106
0.733587 2.77319 3.20362 2.69426 2.72  17.2395 0.72 14.0913  947.02 1341.44  3.97774e+49  1.31675e+32  2.11521e+33  13.73  0.198106
0.725077 2.77598  3.2036 2.69426 2.72  17.3824 0.71 14.0913 955.838 1326.86  4.05886e+49  1.35611e+32  2.09605e+33  13.73  0.198106
0.716803 2.77875  3.2036 2.69426 2.72  17.5295  0.7 14.0913 964.057 1312.06  4.13867e+49  1.39467e+32  2.07726e+33  13.73  0.198106
0.70881 2.78149 3.20361 2.69426 2.72  17.6806 0.69 14.0913 971.698 1297.09  4.21704e+49  1.43235e+32  2.05891e+33  13.73  0.198106
0.701089  2.7842 3.20361 2.69426 2.72  17.8361 0.68 14.0913 978.805 1281.86  4.29387e+49  1.46911e+32  2.041e+33  13.73  0.198106
0.693657 2.78686  3.2036 2.69426 2.72  17.9963 0.67 14.0913 985.378 1266.39  4.36897e+49  1.50484e+32  2.02357e+33  13.73  0.198106
0.686518 2.78949 3.20361 2.69426 2.72  18.1615 0.66 14.0913 991.435 1250.64  4.44222e+49  1.53948e+32  2.00669e+33  13.73  0.198106
0.679669 2.79205 3.20361 2.69426 2.72  18.3322 0.65 14.0913 996.972 1234.59  4.51341e+49  1.57288e+32  1.99035e+33  13.73  0.198106
0.67315 2.79453  3.2036 2.69426 2.72  18.5086 0.64 14.0913 1002.02 1218.21  4.58212e+49  1.60491e+32  1.97464e+33  13.73  0.198106
0.66697 2.79694 3.20361 2.69426 2.72  18.6914 0.63 14.0913 1006.58 1201.46  4.64824e+49  1.63549e+32  1.95964e+33  13.73  0.198106
0.661169 2.79923  3.2036 2.69426 2.72  18.8809 0.62 14.0913 1010.67 1184.33  4.71107e+49  1.66432e+32  1.94543e+33  13.73  0.198106
0.655768 2.80141  3.2036 2.69426 2.72  19.0779 0.61 14.0913 1014.29 1166.75  4.77031e+49  1.69129e+32  1.93211e+33  13.73  0.198106
0.650841 2.80344 3.20362 2.69426 2.72  19.2827  0.6 14.0913 1017.46 1148.71  4.82519e+49  1.71609e+32  1.91988e+33  13.73  0.198106
0.646398 2.80527  3.2036 2.69426 2.72  19.4966 0.59 14.0913 1020.16 1130.14  4.87497e+49  1.73839e+32  1.90875e+33  13.73  0.198106
0.64254  2.8069 3.20362 2.69426 2.72  19.7203 0.58 14.0913  1022.4 1110.99  4.91869e+49  1.75784e+32  1.89906e+33  13.73  0.198106
0.639353 2.80825 3.20361 2.69426 2.72  19.9547 0.57 14.0913  1024.2 1091.23  4.95521e+49  1.77401e+32  1.89099e+33  13.73  0.198106
0.636906 2.80932 3.20364 2.69426 2.72  20.2016 0.56 14.0913 1025.52 1070.78  4.98346e+49  1.78642e+32  1.8848e+33  13.73  0.198106
0.635342 2.80999 3.20363 2.69426 2.72  20.4619 0.55 14.0913 1026.36 1049.62  5.0017e+49  1.79443e+32  1.88082e+33  13.73  0.198106
0.634762 2.81025 3.20363 2.69426 2.72  20.7377 0.54 14.0913 1026.67 1027.68  5.00845e+49  1.79739e+32  1.87934e+33  13.73  0.198106
    1.3 2.70585 3.22154 2.70585 2.72  13.9409    1 13.9409       0 1832.44  0  0  3.03897e+33  13.73  0.198106
1.22347 2.70903 3.22136 2.70585 2.72  14.1064 0.99 13.9409 224.068 1777.14  6.95393e+48  5.44652e+30  2.94868e+33  13.73  0.198106
1.17523 2.71192 3.22148 2.70585 2.72  14.2339 0.98 13.9409 314.334 1747.65  9.90233e+48  1.08802e+31  2.88825e+33  13.73  0.198106
1.13678 2.71467 3.22134 2.70585 2.72  14.3504 0.97 13.9409  380.97 1723.64  1.21642e+49  1.61988e+31  2.83739e+33  13.73  0.198106
1.10446 2.71764 3.22154 2.70585 2.72  14.4606 0.96 13.9409 436.051 1702.61  1.40999e+49  2.14912e+31  2.79322e+33  13.73  0.198106
1.07585 2.72043 3.22149 2.70585 2.72  14.5676 0.95 13.9409 483.129 1683.38  1.5812e+49  2.6703e+31  2.75245e+33  13.73  0.198106
1.05025  2.7233 3.22153 2.70585 2.72  14.6726 0.94 13.9409 524.751 1665.45  1.73768e+49  3.18736e+31  2.71483e+33  13.73  0.198106
1.02694 2.72614 3.22154 2.70585 2.72  14.7762 0.93 13.9409 562.092 1648.5  1.88279e+49  3.69928e+31  2.67951e+33  13.73  0.198106
1.00555 2.72898 3.22155 2.70585 2.72  14.8791 0.92 13.9409  595.96 1632.33  2.01884e+49  4.2056e+31  2.64618e+33  13.73  0.198106
0.985671 2.73181 3.22155 2.70585 2.72  14.9824 0.91 13.9409 627.055 1616.61  2.148e+49  4.70813e+31  2.61403e+33  13.73  0.198106
0.967264 2.73464 3.22154 2.70585 2.72  15.0855  0.9 13.9409 655.699 1601.44  2.27103e+49  5.20518e+31  2.58344e+33  13.73  0.198106
0.949839 2.73749 3.22154 2.70585 2.72  15.1893 0.89 13.9409 682.352 1586.58  2.38942e+49  5.69914e+31  2.55387e+33  13.73  0.198106
0.933352 2.74035 3.22154 2.70585 2.72  15.2938 0.88 13.9409 707.165 1572.02  2.50348e+49  6.18833e+31  2.52535e+33  13.73  0.198106
0.917579 2.74322 3.22154 2.70585 2.72  15.3996 0.87 13.9409 730.375 1557.62  2.61398e+49  6.67354e+31  2.49754e+33  13.73  0.198106
0.90256 2.74609 3.22155 2.70585 2.72  15.5064 0.86 13.9409 752.133 1543.43  2.7213e+49  7.15449e+31  2.4706e+33  13.73  0.198106
0.888157 2.74895 3.22155 2.70585 2.72  15.6146 0.85 13.9409 772.533 1529.38  2.8257e+49  7.63046e+31  2.44429e+33  13.73  0.198106
0.874259 2.75178 3.22149 2.70585 2.72  15.7246 0.84 13.9409 791.736 1515.37  2.92764e+49  8.10226e+31  2.41845e+33  13.73  0.198106
0.860955  2.7547 3.22155 2.70585 2.72  15.8361 0.83 13.9409 809.809 1501.47  3.02733e+49  8.56941e+31  2.39342e+33  13.73  0.198106
0.84809 2.75758 3.22155 2.70585 2.72  15.9496 0.82 13.9409 826.873 1487.58  3.1251e+49  9.03257e+31  2.36881e+33  13.73  0.198106
0.835693 2.76047 3.22156 2.70585 2.72  16.0649 0.81 13.9409 842.926 1473.74  3.22086e+49  9.49009e+31  2.34474e+33  13.73  0.198106
0.82361 2.76333 3.22153 2.70585 2.72  16.1828  0.8 13.9409 858.058 1459.82  3.31493e+49  9.94259e+31  2.32095e+33  13.73  0.198106
0.811998 2.76623 3.22156 2.70585 2.72  16.3027 0.79 13.9409 872.333 1445.96  3.40743e+49  1.039e+32  2.2978e+33  13.73  0.198106
0.800723 2.76911 3.22156 2.70585 2.72   16.425 0.78 13.9409 885.814 1432.02  3.49851e+49  1.08326e+32  2.27503e+33  13.73  0.198106
0.789945 2.77197 3.22154 2.70585 2.72    16.55 0.77 13.9409 898.492   1418  3.58803e+49  1.12688e+32  2.25262e+33  13.73  0.198106
0.779552 2.77485 3.22155 2.70585 2.72  16.6776 0.76 13.9409 910.465 1403.93  3.67635e+49  1.17001e+32  2.2307e+33  13.73  0.198106
0.769468 2.77771 3.22154 2.70585 2.72  16.8082 0.75 13.9409 921.708 1389.76  3.76324e+49  1.21245e+32  2.20913e+33  13.73  0.198106
0.759737 2.78058 3.22155 2.70585 2.72  16.9416 0.74 13.9409 932.321 1375.49  3.84902e+49  1.25436e+32  2.18808e+33  13.73  0.198106
0.750302 2.78344 3.22155 2.70585 2.72  17.0782 0.73 13.9409 942.272 1361.08  3.9334e+49  1.29554e+32  2.1674e+33  13.73  0.198106
0.741167 2.78626 3.22152 2.70585 2.72  17.2183 0.72 13.9409 951.621 1346.52  4.01654e+49  1.33605e+32  2.14711e+33  13.73  0.198106
0.732347 2.78911 3.22154 2.70585 2.72  17.3619 0.71 13.9409 960.372 1331.79  4.09836e+49  1.37581e+32  2.12733e+33  13.73  0.198106
0.723814 2.79191 3.22154 2.70585 2.72  17.5093  0.7 13.9409  968.55 1316.89  4.17889e+49  1.41479e+32  2.10797e+33  13.73  0.198106
0.715548 2.79468 3.22154 2.70585 2.72  17.6609 0.69 13.9409 976.123 1301.8  4.25787e+49  1.4528e+32  2.08902e+33  13.73  0.198106
0.707577 2.79743 3.22154 2.70585 2.72   17.817 0.68 13.9409 983.168 1286.46  4.33534e+49  1.48991e+32  2.07055e+33  13.73  0.198106
0.699925 2.80014 3.22155 2.70585 2.72  17.9775 0.67 13.9409 989.687 1270.89  4.41111e+49  1.526e+32  2.05264e+33  13.73  0.198106
0.692567 2.80278 3.22154 2.70585 2.72  18.1431 0.66 13.9409 995.683 1255.04  4.48493e+49  1.56094e+32  2.03523e+33  13.73  0.198106
0.685522 2.80538 3.22154 2.70585 2.72  18.3141 0.65 13.9409 1001.16 1238.89  4.5567e+49  1.59465e+32  2.01842e+33  13.73  0.198106
0.678823 2.80789 3.22154 2.70585 2.72  18.4907 0.64 13.9409 1006.16 1222.43  4.626e+49  1.62697e+32  2.00228e+33  13.73  0.198106
0.672469 2.81032 3.22153 2.70585 2.72  18.6738 0.63 13.9409 1010.66 1205.59  4.69259e+49  1.65778e+32  1.98683e+33  13.73  0.198106
0.666525 2.81266 3.22155 2.70585 2.72  18.8633 0.62 13.9409 1014.71 1188.38  4.756e+49  1.6869e+32  1.97228e+33  13.73  0.198106
0.660978 2.81484 3.22153 2.70585 2.72  19.0604 0.61 13.9409 1018.27 1170.72  4.81568e+49  1.71408e+32  1.95858e+33  13.73  0.198106
0.655927 2.81689 3.22154 2.70585 2.72  19.2652  0.6 13.9409  1021.4 1152.61  4.87096e+49  1.73908e+32  1.94602e+33  13.73  0.198106
0.651384 2.81875 3.22154 2.70585 2.72   19.479 0.59 13.9409 1024.06 1133.98  4.92116e+49  1.76158e+32  1.93464e+33  13.73  0.198106
0.647423 2.82037 3.22152 2.70585 2.72  19.7026 0.58 13.9409 1026.26 1114.77  4.96513e+49  1.78113e+32  1.92465e+33  13.73  0.198106
0.644176 2.82176 3.22154 2.70585 2.72  19.9366 0.57 13.9409 1028.04 1094.96  5.00197e+49  1.79746e+32  1.91644e+33  13.73  0.198106
0.641665 2.82281 3.22154 2.70585 2.72  20.1831 0.56 13.9409 1029.32 1074.46  5.03032e+49  1.80991e+32  1.91006e+33  13.73  0.198106
0.640072  2.8235 3.22153 2.70585 2.72  20.4427 0.55 13.9409 1030.15 1053.26  5.04862e+49  1.81795e+32  1.90599e+33  13.73  0.198106
0.639486 2.82376 3.22154 2.70585 2.72  20.7177 0.54 13.9409 1030.45 1031.28  5.0554e+49  1.82091e+32  1.9045e+33  13.73  0.198106
    1.4 2.71034  3.2287 2.71034 2.72  13.8025    1 13.8025       0 1861.65  0  0  3.15491e+33  13.73  0.198106
1.25565 2.71296 3.22738 2.71034 2.72  14.0573 0.99 13.8025 225.713 1787.55  6.98089e+48  5.50777e+30  2.99431e+33  13.73  0.198106
1.20274 2.71662 3.22861 2.71034 2.72  14.1897 0.98 13.8025 316.686   1757  9.95249e+48  1.10171e+31  2.93127e+33  13.73  0.198106
1.15873 2.71947 3.22857 2.71034 2.72  14.3136 0.97 13.8025 383.359 1731.47  1.22226e+49  1.63787e+31  2.87464e+33  13.73  0.198106
1.12247 2.72241 3.22869 2.71034 2.72  14.4293 0.96 13.8025 438.421 1709.31  1.41647e+49  2.17074e+31  2.82601e+33  13.73  0.198106
1.09122 2.72522 3.22863 2.71034 2.72    14.54 0.95 13.8025 485.502 1689.33  1.58835e+49  2.69554e+31  2.78222e+33  13.73  0.198106
1.06374 2.72812 3.22868 2.71034 2.72  14.6476 0.94 13.8025 527.109 1670.86  1.74537e+49  3.21586e+31  2.74245e+33  13.73  0.198106
1.03894 2.73099 3.22871 2.71034 2.72  14.7534 0.93 13.8025 564.451 1653.48  1.89106e+49  3.73112e+31  2.70539e+33  13.73  0.198106
 1.0163 2.73383 3.22869 2.71034 2.72   14.858 0.92 13.8025  598.29 1636.92  2.02755e+49  4.24026e+31  2.67048e+33  13.73  0.198106
0.995293 2.73669 3.22869 2.71034 2.72  14.9628 0.91 13.8025 629.374 1620.91  2.15719e+49  4.74576e+31  2.6371e+33  13.73  0.198106
0.976104 2.73956 3.22871 2.71034 2.72  15.0671  0.9 13.8025 658.006 1605.49  2.28068e+49  5.2457e+31  2.60549e+33  13.73  0.198106
0.957987 2.74242  3.2287 2.71034 2.72   15.172 0.89 13.8025 684.637 1590.41  2.39948e+49  5.7423e+31  2.57496e+33  13.73  0.198106
0.940882 2.74529 3.22868 2.71034 2.72  15.2775 0.88 13.8025 709.424 1575.65  2.51392e+49  6.23398e+31  2.54554e+33  13.73  0.198106
0.924603 2.74818  3.2287 2.71034 2.72  15.3841 0.87 13.8025 732.615 1561.08  2.62482e+49  6.72176e+31  2.51702e+33  13.73  0.198106
0.909107 2.75106 3.22869 2.71034 2.72  15.4917 0.86 13.8025 754.349 1546.73  2.73248e+49  7.20507e+31  2.48934e+33  13.73  0.198106
0.894311 2.75395  3.2287 2.71034 2.72  15.6006 0.85 13.8025 774.733 1532.54  2.83726e+49  7.68351e+31  2.46246e+33  13.73  0.198106
0.880051 2.75685 3.22871 2.71034 2.72  15.7112 0.84 13.8025 793.918 1518.41  2.93963e+49  8.15787e+31  2.43612e+33  13.73  0.198106
0.866405 2.75974  3.2287 2.71034 2.72  15.8232 0.83 13.8025 811.961 1504.39  3.03958e+49  8.62695e+31  2.41048e+33  13.73  0.198106
0.853244 2.76264 3.22871 2.71034 2.72  15.9372 0.82 13.8025 829.004 1490.4  3.1377e+49  9.09234e+31  2.38538e+33  13.73  0.198106
0.840566 2.76553  3.2287 2.71034 2.72   16.053 0.81 13.8025 845.031 1476.45  3.23376e+49  9.55188e+31  2.36083e+33  13.73  0.198106
0.828238 2.76842 3.22869 2.71034 2.72  16.1714  0.8 13.8025 860.143 1462.45  3.32816e+49  1.00065e+32  2.33662e+33  13.73  0.198106
0.816384 2.77132 3.22869 2.71034 2.72  16.2916 0.79 13.8025 874.387 1448.49  3.42093e+49  1.04558e+32  2.31303e+33  13.73  0.198106
0.804906 2.77423 3.22871 2.71034 2.72  16.4143 0.78 13.8025 887.847 1434.48  3.51235e+49  1.09005e+32  2.28991e+33  13.73  0.198106
0.793854 2.77711 3.22869 2.71034 2.72  16.5398 0.77 13.8025 900.495 1420.38  3.60216e+49  1.13384e+32  2.26711e+33  13.73  0.198106
0.783273    2.78 3.22869 2.71034 2.72  16.6677 0.76 13.8025 912.442 1406.24  3.69076e+49  1.17714e+32  2.24484e+33  13.73  0.198106
0.773026 2.78289  3.2287 2.71034 2.72  16.7985 0.75 13.8025 923.662   1392  3.77799e+49  1.21978e+32  2.22299e+33  13.73  0.198106
0.76313 2.78577 3.22871 2.71034 2.72  16.9323 0.74 13.8025 934.244 1377.67  3.86403e+49  1.26186e+32  2.20161e+33  13.73  0.198106
0.75354 2.78863  3.2287 2.71034 2.72  17.0693 0.73 13.8025 944.164 1363.19  3.94866e+49  1.30319e+32  2.1806e+33  13.73  0.198106
0.744279 2.79149 3.22869 2.71034 2.72  17.2095 0.72 13.8025 953.493 1348.58  4.03213e+49  1.34388e+32  2.16008e+33  13.73  0.198106
0.735325 2.79434  3.2287 2.71034 2.72  17.3534 0.71 13.8025 962.213 1333.79  4.1142e+49  1.38377e+32  2.14001e+33  13.73  0.198106
0.726674 2.79716  3.2287 2.71034 2.72  17.5011  0.7 13.8025 970.367 1318.84  4.19499e+49  1.4229e+32  2.1204e+33  13.73  0.198106
0.718299 2.79994  3.2287 2.71034 2.72  17.6529 0.69 13.8025 977.914 1303.7  4.27424e+49  1.46106e+32  2.1012e+33  13.73  0.198106
0.710221  2.8027 3.22869 2.71034 2.72  17.8091 0.68 13.8025 984.931 1288.31  4.35194e+49  1.49829e+32  2.08249e+33  13.73  0.198106
0.702469 2.80541 3.22869 2.71034 2.72  17.9698 0.67 13.8025 991.422 1272.7  4.42792e+49  1.5345e+32  2.06434e+33  13.73  0.198106
0.69503 2.80809 3.22871 2.71034 2.72  18.1355 0.66 13.8025   997.4 1256.81  4.50204e+49  1.56959e+32  2.04677e+33  13.73  0.198106
0.687897 2.81067 3.22868 2.71034 2.72  18.3067 0.65 13.8025 1002.85 1240.62  4.57398e+49  1.60339e+32  2.02973e+33  13.73  0.198106
0.681125 2.81321 3.22869 2.71034 2.72  18.4834 0.64 13.8025 1007.82 1224.12  4.64354e+49  1.63585e+32  2.01342e+33  13.73  0.198106
0.674708 2.81566  3.2287 2.71034 2.72  18.6666 0.63 13.8025 1012.31 1207.25  4.71039e+49  1.66679e+32  1.99784e+33  13.73  0.198106
0.668691 2.81799 3.22869 2.71034 2.72  18.8562 0.62 13.8025 1016.33   1190  4.77391e+49  1.69597e+32  1.98308e+33  13.73  0.198106
0.663095  2.8202  3.2287 2.71034 2.72  19.0533 0.61 13.8025 1019.88 1172.32  4.83386e+49  1.72327e+32  1.96927e+33  13.73  0.198106
0.657994 2.82226 3.22871 2.71034 2.72  19.2581  0.6 13.8025 1022.99 1154.18  4.88931e+49  1.74835e+32  1.95658e+33  13.73  0.198106
0.653406 2.82415 3.22874 2.71034 2.72  19.4719 0.59 13.8025 1025.63 1135.52  4.93968e+49  1.77091e+32  1.94511e+33  13.73  0.198106
0.649415 2.82577  3.2287 2.71034 2.72  19.6953 0.58 13.8025 1027.82 1116.29  4.98381e+49  1.79056e+32  1.93503e+33  13.73  0.198106
0.646131 2.82715  3.2287 2.71034 2.72  19.9292 0.57 13.8025 1029.58 1096.46  5.02067e+49  1.80689e+32  1.92671e+33  13.73  0.198106
0.643597  2.8282 3.22869 2.71034 2.72  20.1755 0.56 13.8025 1030.86 1075.94  5.0491e+49  1.81937e+32  1.92026e+33  13.73  0.198106
0.641993 2.82889 3.22869 2.71034 2.72  20.4349 0.55 13.8025 1031.68 1054.72  5.06741e+49  1.82742e+32  1.91616e+33  13.73  0.198106
0.641397 2.82913 3.22868 2.71034 2.72  20.7096 0.54 13.8025 1031.96 1032.73  5.07412e+49  1.83035e+32  1.91463e+33  13.73  0.198106
    1.5 2.71004 3.22843 2.71004 2.72  13.6748    1 13.6748       0 1887.68  0  0  3.2523e+33  13.73  0.198106
1.20195  2.7165 3.22843 2.71004 2.72   14.191 0.98 13.6748 316.619 1756.74  9.95114e+48  1.10133e+31  2.93007e+33  13.73  0.198106
1.15788 2.71929 3.22831 2.71004 2.72   14.315 0.97 13.6748 383.268 1731.17  1.22205e+49  1.63719e+31  2.87322e+33  13.73  0.198106
1.12171 2.72221  3.2284 2.71004 2.72  14.4306 0.96 13.6748 438.322 1709.03  1.41621e+49  2.16985e+31  2.82465e+33  13.73  0.198106
1.09063 2.72504 3.22836 2.71004 2.72  14.5411 0.95 13.6748  485.41 1689.1  1.58808e+49  2.69458e+31  2.78108e+33  13.73  0.198106
1.06323 2.72794 3.22842 2.71004 2.72  14.6486 0.94 13.6748  527.02 1670.65  1.74509e+49  3.21479e+31  2.74141e+33  13.73  0.198106
1.03842 2.73079 3.22841 2.71004 2.72  14.7543 0.93 13.6748 564.349 1653.26  1.89071e+49  3.72976e+31  2.70428e+33  13.73  0.198106
1.01592 2.73367 3.22844 2.71004 2.72  14.8588 0.92 13.6748 598.208 1636.76  2.02725e+49  4.23904e+31  2.66962e+33  13.73  0.198106
0.994944 2.73652 3.22844 2.71004 2.72  14.9635 0.91 13.6748  629.29 1620.75  2.15687e+49  4.74441e+31  2.63628e+33  13.73  0.198106
0.975763 2.73937 3.22843 2.71004 2.72  15.0678  0.9 13.6748 657.918 1605.33  2.28032e+49  5.24415e+31  2.60464e+33  13.73  0.198106
0.95768 2.74224 3.22843 2.71004 2.72  15.1727 0.89 13.6748 684.552 1590.26  2.39911e+49  5.74069e+31  2.57418e+33  13.73  0.198106
0.940596  2.7451 3.22842 2.71004 2.72  15.2781 0.88 13.6748 709.338 1575.51  2.51353e+49  6.23226e+31  2.54478e+33  13.73  0.198106
0.924335   2.748 3.22843 2.71004 2.72  15.3847 0.87 13.6748  732.53 1560.95  2.62441e+49  6.71993e+31  2.51628e+33  13.73  0.198106
0.908864 2.75088 3.22843 2.71004 2.72  15.4923 0.86 13.6748 754.267 1546.61  2.73207e+49  7.2032e+31  2.48865e+33  13.73  0.198106
0.894077 2.75376 3.22843 2.71004 2.72  15.6011 0.85 13.6748 774.649 1532.42  2.83683e+49  7.68151e+31  2.46177e+33  13.73  0.198106
0.879838 2.75667 3.22845 2.71004 2.72  15.7117 0.84 13.6748 793.839 1518.3  2.93919e+49  8.15584e+31  2.43548e+33  13.73  0.198106
0.866196 2.75955 3.22843 2.71004 2.72  15.8237 0.83 13.6748 811.879 1504.28  3.03911e+49  8.62475e+31  2.40983e+33  13.73  0.198106
0.853047 2.76245 3.22843 2.71004 2.72  15.9377 0.82 13.6748 828.922 1490.29  3.13722e+49  9.09006e+31  2.38475e+33  13.73  0.198106
0.840392 2.76535 3.22845 2.71004 2.72  16.0534 0.81 13.6748 844.956 1476.35  3.2333e+49  9.54968e+31  2.36026e+33  13.73  0.198106
0.828075 2.76824 3.22844 2.71004 2.72  16.1718  0.8 13.6748  860.07 1462.36  3.3277e+49  1.00043e+32  2.33607e+33  13.73  0.198106
0.816221 2.77113 3.22843 2.71004 2.72   16.292 0.79 13.6748 874.311 1448.39  3.42043e+49  1.04534e+32  2.31247e+33  13.73  0.198106
0.804749 2.77404 3.22845 2.71004 2.72  16.4147 0.78 13.6748 887.771 1434.38  3.51184e+49  1.08979e+32  2.28936e+33  13.73  0.198106
0.793701 2.77691 3.22841 2.71004 2.72  16.5402 0.77 13.6748 900.417 1420.29  3.60161e+49  1.13357e+32  2.26655e+33  13.73  0.198106
0.783135 2.77981 3.22843 2.71004 2.72  16.6681 0.76 13.6748 912.369 1406.15  3.69024e+49  1.17688e+32  2.24432e+33  13.73  0.198106
0.772885 2.78268 3.22842 2.71004 2.72  16.7989 0.75 13.6748 923.585 1391.91  3.77741e+49  1.21949e+32  2.22244e+33  13.73  0.198106
0.762996 2.78557 3.22843 2.71004 2.72  16.9326 0.74 13.6748 934.168 1377.58  3.86344e+49  1.26156e+32  2.20107e+33  13.73  0.198106
0.75342 2.78844 3.22843 2.71004 2.72  17.0696 0.73 13.6748 944.094 1363.11  3.9481e+49  1.3029e+32  2.18011e+33  13.73  0.198106
0.744165  2.7913 3.22843 2.71004 2.72  17.2099 0.72 13.6748 953.424 1348.5  4.03157e+49  1.3436e+32  2.15961e+33  13.73  0.198106
0.735213 2.79414 3.22843 2.71004 2.72  17.3537 0.71 13.6748 962.144 1333.72  4.11361e+49  1.38348e+32  2.13954e+33  13.73  0.198106
0.726568 2.79697 3.22844 2.71004 2.72  17.5014  0.7 13.6748 970.299 1318.77  4.19439e+49  1.4226e+32  2.11994e+33  13.73  0.198106
0.718192 2.79974 3.22842 2.71004 2.72  17.6532 0.69 13.6748 977.845 1303.62  4.2736e+49  1.46074e+32  2.10073e+33  13.73  0.198106
0.710122  2.8025 3.22843 2.71004 2.72  17.8094 0.68 13.6748 984.866 1288.24  4.35132e+49  1.49798e+32  2.08204e+33  13.73  0.198106
0.702378 2.80522 3.22844 2.71004 2.72  17.9701 0.67 13.6748 991.361 1272.63  4.42733e+49  1.5342e+32  2.06392e+33  13.73  0.198106
0.694935 2.80788 3.22843 2.71004 2.72  18.1358 0.66 13.6748 997.334 1256.74  4.50138e+49  1.56926e+32  2.04632e+33  13.73  0.198106
0.687809 2.81048 3.22842 2.71004 2.72   18.307 0.65 13.6748 1002.79 1240.56  4.57334e+49  1.60307e+32  2.02931e+33  13.73  0.198106
0.681043 2.81303 3.22844 2.71004 2.72  18.4837 0.64 13.6748 1007.77 1224.06  4.64292e+49  1.63553e+32  2.01303e+33  13.73  0.198106
0.67462 2.81545 3.22842 2.71004 2.72  18.6668 0.63 13.6748 1012.25 1207.19  4.70969e+49  1.66643e+32  1.9974e+33  13.73  0.198106
0.668617 2.81781 3.22844 2.71004 2.72  18.8564 0.62 13.6748 1016.27 1189.95  4.7733e+49  1.69566e+32  1.98271e+33  13.73  0.198106
0.66301 2.81999 3.22841 2.71004 2.72  19.0536 0.61 13.6748 1019.82 1172.26  4.83313e+49  1.7229e+32  1.96884e+33  13.73  0.198106
0.657913 2.82205 3.22843 2.71004 2.72  19.2584  0.6 13.6748 1022.93 1154.12  4.88859e+49  1.74798e+32  1.95617e+33  13.73  0.198106
0.653324 2.82394 3.22845 2.71004 2.72  19.4722 0.59 13.6748 1025.56 1135.45  4.93893e+49  1.77054e+32  1.94469e+33  13.73  0.198106
0.649337 2.82556 3.22842 2.71004 2.72  19.6956 0.58 13.6748 1027.76 1116.23  4.98309e+49  1.79019e+32  1.93463e+33  13.73  0.198106
0.646056 2.82694 3.22843 2.71004 2.72  19.9295 0.57 13.6748 1029.52 1096.4  5.01996e+49  1.80653e+32  1.92631e+33  13.73  0.198106
0.643522   2.828 3.22842 2.71004 2.72  20.1758 0.56 13.6748  1030.8 1075.88  5.04837e+49  1.819e+32  1.91986e+33  13.73  0.198106
0.641925  2.8287 3.22844 2.71004 2.72  20.4352 0.55 13.6748 1031.62 1054.67  5.06675e+49  1.82708e+32  1.91581e+33  13.73  0.198106
0.641328 2.82894 3.22842 2.71004 2.72  20.7099 0.54 13.6748 1031.91 1032.67  5.07345e+49  1.83001e+32  1.91426e+33  13.73  0.198106
    1.6 2.70646 3.22302 2.70646 2.72   13.557    1 13.557       0 1911.1  0  0  3.33483e+33  13.73  0.198106
1.14119 2.71569 3.22287 2.70646 2.72   14.343 0.97 13.557 381.455 1725.23  1.21764e+49  1.62357e+31  2.84499e+33  13.73  0.198106
1.10806 2.71863 3.22303 2.70646 2.72  14.4543 0.96 13.557  436.53 1703.96  1.41133e+49  2.15353e+31  2.79987e+33  13.73  0.198106
1.07918  2.7215 3.22308 2.70646 2.72  14.5616 0.95 13.557 483.647 1684.68  1.58279e+49  2.67584e+31  2.75897e+33  13.73  0.198106
1.05299  2.7243 3.22302 2.70646 2.72  14.6675 0.94 13.557 525.233 1666.56  1.73927e+49  3.19322e+31  2.72049e+33  13.73  0.198106
1.02935 2.72714 3.22302 2.70646 2.72  14.7716 0.93 13.557  562.57 1649.51  1.88449e+49  3.70576e+31  2.68477e+33  13.73  0.198106
 1.0077 2.72997 3.22301 2.70646 2.72  14.8748 0.92 13.557  596.43 1633.25  2.02062e+49  4.21262e+31  2.65109e+33  13.73  0.198106
0.987622 2.73282 3.22302 2.70646 2.72  14.9784 0.91 13.557 627.527 1617.49  2.14989e+49  4.71583e+31  2.61874e+33  13.73  0.198106
0.969054 2.73566 3.22302 2.70646 2.72  15.0818  0.9 13.557 656.168 1602.26  2.27301e+49  5.21345e+31  2.58793e+33  13.73  0.198106
0.951506 2.73852 3.22302 2.70646 2.72  15.1858 0.89 13.557 682.822 1587.37  2.3915e+49  5.70804e+31  2.55822e+33  13.73  0.198106
0.934901 2.74138 3.22303 2.70646 2.72  15.2904 0.88 13.557 707.631 1572.77  2.50565e+49  6.19778e+31  2.52953e+33  13.73  0.198106
0.919015 2.74425 3.22302 2.70646 2.72  15.3965 0.87 13.557 730.834 1558.33  2.61622e+49  6.68346e+31  2.50154e+33  13.73  0.198106
0.903887 2.74711 3.22302 2.70646 2.72  15.5034 0.86 13.557 752.584 1544.1  2.72358e+49  7.1648e+31  2.47441e+33  13.73  0.198106
0.889409 2.74998 3.22302 2.70646 2.72  15.6118 0.85 13.557 772.982 1530.02  2.82807e+49  7.64132e+31  2.44801e+33  13.73  0.198106
0.875492 2.75291 3.22309 2.70646 2.72  15.7218 0.84 13.557 792.205 1516.01  2.93025e+49  8.1143e+31  2.42227e+33  13.73  0.198106
0.86207 2.75574 3.22303 2.70646 2.72  15.8335 0.83 13.557 810.251 1502.07  3.02986e+49  8.58124e+31  2.39693e+33  13.73  0.198106
0.849132 2.75862 3.22301 2.70646 2.72  15.9471 0.82 13.557 827.305 1488.15  3.12767e+49  9.04471e+31  2.37217e+33  13.73  0.198106
0.83668  2.7615 3.22302 2.70646 2.72  16.0625 0.81 13.557 843.354 1474.29  3.22349e+49  9.50266e+31  2.34801e+33  13.73  0.198106
0.824566 2.76439 3.22302 2.70646 2.72  16.1805  0.8 13.557  858.49 1460.37  3.31768e+49  9.95585e+31  2.32419e+33  13.73  0.198106
0.812891 2.76727 3.22302 2.70646 2.72  16.3004 0.79 13.557 872.752 1446.47  3.41019e+49  1.04035e+32  2.30091e+33  13.73  0.198106
0.801579 2.77016 3.22304 2.70646 2.72  16.4228 0.78 13.557 886.231 1432.52  3.50136e+49  1.08466e+32  2.27809e+33  13.73  0.198106
0.79074 2.77303 3.22301 2.70646 2.72  16.5479 0.77 13.557   898.9 1418.49  3.59092e+49  1.1283e+32  2.25557e+33  13.73  0.198106
0.780309 2.77591 3.22301 2.70646 2.72  16.6756 0.76 13.557 910.868 1404.4  3.6793e+49  1.17147e+32  2.23358e+33  13.73  0.198106
0.770193 2.77877 3.22301 2.70646 2.72  16.8062 0.75 13.557 922.107 1390.22  3.76626e+49  1.21395e+32  2.21197e+33  13.73  0.198106
0.760426 2.78164 3.22301 2.70646 2.72  16.9397 0.74 13.557 932.712 1375.94  3.85208e+49  1.25589e+32  2.19083e+33  13.73  0.198106
0.750963 2.78451 3.22302 2.70646 2.72  17.0764 0.73 13.557 942.659 1361.51  3.93653e+49  1.29711e+32  2.1701e+33  13.73  0.198106
0.741812 2.78735 3.22302 2.70646 2.72  17.2165 0.72 13.557  952.01 1346.95  4.01979e+49  1.33768e+32  2.14981e+33  13.73  0.198106
0.732956 2.79018 3.22301 2.70646 2.72  17.3602 0.71 13.557 960.749 1332.2  4.10162e+49  1.37744e+32  2.12993e+33  13.73  0.198106
0.724399 2.79299 3.22301 2.70646 2.72  17.5076  0.7 13.557 968.922 1317.29  4.1822e+49  1.41645e+32  2.11052e+33  13.73  0.198106
0.716109 2.79576   3.223 2.70646 2.72  17.6593 0.69 13.557 976.489 1302.18  4.26122e+49  1.45449e+32  2.0915e+33  13.73  0.198106
0.708116 2.79851 3.22301 2.70646 2.72  17.8154 0.68 13.557 983.528 1286.84  4.33874e+49  1.49162e+32  2.07299e+33  13.73  0.198106
0.700441 2.80121 3.22301 2.70646 2.72  17.9759 0.67 13.557  990.04 1271.26  4.41454e+49  1.52773e+32  2.05502e+33  13.73  0.198106
0.693069 2.80387 3.22301 2.70646 2.72  18.1415 0.66 13.557 996.034 1255.4  4.48844e+49  1.56271e+32  2.03759e+33  13.73  0.198106
0.68601 2.80647 3.22302 2.70646 2.72  18.3126 0.65 13.557 1001.51 1239.25  4.56026e+49  1.59644e+32  2.02074e+33  13.73  0.198106
0.679302 2.80901 3.22304 2.70646 2.72  18.4892 0.64 13.557  1006.5 1222.78  4.62967e+49  1.62882e+32  2.0046e+33  13.73  0.198106
0.672921  2.8114 3.22298 2.70646 2.72  18.6723 0.63 13.557    1011 1205.93  4.6962e+49  1.65961e+32  1.98906e+33  13.73  0.198106
0.666974 2.81377 3.22303 2.70646 2.72  18.8619 0.62 13.557 1015.04 1188.72  4.75973e+49  1.68879e+32  1.97452e+33  13.73  0.198106
0.661415 2.81595 3.22302 2.70646 2.72  19.0589 0.61 13.557 1018.61 1171.05  4.81945e+49  1.71598e+32  1.96079e+33  13.73  0.198106
0.656348 2.81799   3.223 2.70646 2.72  19.2638  0.6 13.557 1021.72 1152.93  4.87471e+49  1.74097e+32  1.94817e+33  13.73  0.198106
0.65179 2.81984 3.22298 2.70646 2.72  19.4775 0.59 13.557 1024.38 1134.29  4.92489e+49  1.76345e+32  1.93674e+33  13.73  0.198106
0.647833 2.82149   3.223 2.70646 2.72  19.7011 0.58 13.557 1026.58 1115.08  4.96898e+49  1.78307e+32  1.92679e+33  13.73  0.198106
0.644578 2.82287 3.22302 2.70646 2.72  19.9351 0.57 13.557 1028.36 1095.27  5.00583e+49  1.7994e+32  1.91856e+33  13.73  0.198106
0.642059 2.82392   3.223 2.70646 2.72  20.1815 0.56 13.557 1029.64 1074.76  5.03416e+49  1.81184e+32  1.91214e+33  13.73  0.198106
0.640473 2.82463 3.22303 2.70646 2.72  20.4411 0.55 13.557 1030.47 1053.56  5.05256e+49  1.81993e+32  1.90812e+33  13.73  0.198106
0.639878 2.82486 3.22301 2.70646 2.72   20.716 0.54 13.557 1030.76 1031.58  5.05926e+49  1.82285e+32  1.90658e+33  13.73  0.198106
