      1 0.853119 0.915051 0.853119 2.04  9.56219    1 9.56219       0 1811.25  0  0  2.87262e+32  9.26  0.220302
0.998796 0.853411 0.915074 0.853119 2.04  9.60716 0.99 9.56219 213.794 1793.13  6.62052e+47  4.94761e+29  2.86633e+32  9.26  0.220302
0.997553 0.853647 0.915045 0.853119 2.04  9.65306 0.98 9.56219 303.204 1779.91  9.44428e+47  1.00095e+30  2.85986e+32  9.26  0.220302
0.996298 0.853903 0.915049 0.853119 2.04  9.69982 0.97 9.56219 370.735 1767.48  1.16167e+48  1.50541e+30  2.85357e+32  9.26  0.220302
0.995043 0.854149 0.915035 0.853119 2.04  9.74771 0.96 9.56219 426.827 1755.34  1.34555e+48  2.00752e+30  2.84712e+32  9.26  0.220302
0.993775 0.854434 0.915069 0.853119 2.04  9.79691 0.95 9.56219 476.105 1743.26  1.51011e+48  2.51315e+30  2.84086e+32  9.26  0.220302
0.992505 0.854729 0.915107 0.853119 2.04  9.84735 0.94 9.56219  520.07 1731.16  1.65979e+48  3.01733e+30  2.83453e+32  9.26  0.220302
0.991188 0.854909 0.915009 0.853119 2.04  9.89911 0.93 9.56219 560.196 1718.86  1.79859e+48  3.52193e+30  2.82733e+32  9.26  0.220302
0.989913 0.855272 0.915124 0.853119 2.04   9.9523 0.92 9.56219 597.171 1706.61  1.92956e+48  4.02778e+30  2.82129e+32  9.26  0.220302
0.988577 0.855448 0.915019 0.853119 2.04  10.0068 0.91 9.56219 631.415 1694.07  2.05262e+48  4.53036e+30  2.81393e+32  9.26  0.220302
0.98725 0.855713 0.915015 0.853119 2.04   10.063  0.9 9.56219 663.551 1681.36  2.17057e+48  5.03451e+30  2.80704e+32  9.26  0.220302
0.985937 0.856032 0.915072 0.853119 2.04  10.1207 0.89 9.56219 693.652 1668.56  2.28356e+48  5.53686e+30  2.80047e+32  9.26  0.220302
0.984599 0.856297 0.915067 0.853119 2.04    10.18 0.88 9.56219 722.085 1655.49  2.39216e+48  6.03792e+30  2.7935e+32  9.26  0.220302
0.983245 0.856536 0.915028 0.853119 2.04  10.2411 0.87 9.56219  748.94 1642.14  2.4967e+48  6.53614e+30  2.78626e+32  9.26  0.220302
0.981896 0.856808 0.91503 0.853119 2.04  10.3039 0.86 9.56219 774.395 1628.6  2.59801e+48  7.03254e+30  2.77923e+32  9.26  0.220302
0.98055 0.857102 0.915055 0.853119 2.04  10.3687 0.85 9.56219 798.586 1614.8  2.69637e+48  7.52679e+30  2.77228e+32  9.26  0.220302
0.977841 0.857653 0.915064 0.853119 2.04  10.5046 0.83 9.56219 843.441 1586.33  2.88439e+48  8.50387e+30  2.75804e+32  9.26  0.220302
0.976491 0.857944 0.91509 0.853119 2.04  10.5757 0.82 9.56219 864.224 1571.71  2.97456e+48  8.98583e+30  2.75101e+32  9.26  0.220302
0.975127 0.858187 0.915063 0.853119 2.04  10.6492 0.81 9.56219 884.022 1556.73  3.06207e+48  9.46208e+30  2.74371e+32  9.26  0.220302
0.973781 0.858458 0.915065 0.853119 2.04  10.7254  0.8 9.56219 902.898 1541.39  3.14731e+48  9.93314e+30  2.73654e+32  9.26  0.220302
0.972444 0.85873 0.91507 0.853119 2.04  10.8042 0.79 9.56219 920.891 1525.7  3.2303e+48  1.03982e+31  2.72941e+32  9.26  0.220302
0.971123 0.859033 0.915115 0.853119 2.04  10.8858 0.78 9.56219 937.979 1509.7  3.31116e+48  1.08563e+31  2.72254e+32  9.26  0.220302
0.969788 0.85923 0.915043 0.853119 2.04  10.9704 0.77 9.56219 954.187 1493.25  3.38896e+48  1.13034e+31  2.71508e+32  9.26  0.220302
0.96849 0.859515 0.915077 0.853119 2.04  11.0581 0.76 9.56219 969.565 1476.5  3.46509e+48  1.17436e+31  2.70827e+32  9.26  0.220302
0.967207 0.859765 0.915075 0.853119 2.04  11.1493 0.75 9.56219 984.147 1459.3  3.53858e+48  1.2173e+31  2.70134e+32  9.26  0.220302
0.965958 0.860029 0.915093 0.853119 2.04  11.2441 0.74 9.56219 997.943 1441.67  3.60964e+48  1.25915e+31  2.69463e+32  9.26  0.220302
0.964712 0.860223 0.91504 0.853119 2.04  11.3428 0.73 9.56219 1010.89 1423.57  3.67756e+48  1.29949e+31  2.68769e+32  9.26  0.220302
0.963526 0.860498 0.915086 0.853119 2.04  11.4457 0.72 9.56219 1023.09 1405.07  3.74344e+48  1.33873e+31  2.68142e+32  9.26  0.220302
0.962358 0.860692 0.91505 0.853119 2.04  11.5528 0.71 9.56219 1034.47 1386.07  3.80582e+48  1.37618e+31  2.67492e+32  9.26  0.220302
0.961251 0.860923 0.915065 0.853119 2.04  11.6649  0.7 9.56219 1045.09 1366.58  3.86534e+48  1.41205e+31  2.66892e+32  9.26  0.220302
0.960178 0.861088 0.915017 0.853119 2.04   11.782 0.69 9.56219 1054.88 1346.54  3.92107e+48  1.44582e+31  2.66283e+32  9.26  0.220302
0.959185 0.861334 0.915074 0.853119 2.04  11.9044 0.68 9.56219  1063.9 1326.11  3.97418e+48  1.47795e+31  2.65762e+32  9.26  0.220302
0.958242 0.861492 0.915046 0.853119 2.04  12.0329 0.67 9.56219 1072.08 1305.01  4.0225e+48  1.50742e+31  2.65231e+32  9.26  0.220302
0.957391 0.861716 0.915109 0.853119 2.04  12.1676 0.66 9.56219 1079.47 1283.47  4.06755e+48  1.5348e+31  2.64786e+32  9.26  0.220302
0.956602 0.861851 0.915091 0.853119 2.04  12.3091 0.65 9.56219 1085.97 1261.31  4.10746e+48  1.55919e+31  2.64343e+32  9.26  0.220302
0.955904 0.861953 0.915053 0.853119 2.04   12.458 0.64 9.56219 1091.59 1238.54  4.14223e+48  1.58053e+31  2.63938e+32  9.26  0.220302
0.955311 0.862086 0.915073 0.853119 2.04  12.6147 0.63 9.56219 1096.35 1215.28  4.17249e+48  1.59901e+31  2.63619e+32  9.26  0.220302
0.954819 0.862146 0.915034 0.853119 2.04    12.78 0.62 9.56219 1100.16 1191.37  4.19655e+48  1.61383e+31  2.63327e+32  9.26  0.220302
0.954444 0.862219 0.915035 0.853119 2.04  12.9543 0.61 9.56219 1103.05 1166.95  4.21526e+48  1.62528e+31  2.6312e+32  9.26  0.220302
0.954206 0.862301 0.915073 0.853119 2.04  13.1385  0.6 9.56219 1104.99 1141.98  4.228e+48  1.63306e+31  2.63001e+32  9.26  0.220302
0.954077 0.862303 0.91505 0.853119 2.04   13.333 0.59 9.56219 1105.91 1116.47  4.23388e+48  1.63669e+31  2.62922e+32  9.26  0.220302
    1.1 1.18626 1.31651 1.18626 2.04  9.80258    1 9.80258       0 2057.72  0  0  5.70627e+32  9.26  0.220302
1.09829 1.18674 1.31648 1.18626 2.04  9.84257 0.99 9.80258 240.228 2034.12  1.27336e+48  1.06926e+30  5.69127e+32  9.26  0.220302
1.09668 1.18733 1.31657 1.18626 2.04  9.88359 0.98 9.80258 339.267 2019.79  1.8093e+48  2.14566e+30  5.67782e+32  9.26  0.220302
1.09505 1.18784 1.31651 1.18626 2.04  9.92579 0.97 9.80258 414.248 2006.72  2.22254e+48  3.21825e+30  5.6628e+32  9.26  0.220302
1.09338 1.18835 1.31647 1.18626 2.04  9.96909 0.96 9.80258  477.91 1994.09  2.5795e+48  4.30914e+30  5.6476e+32  9.26  0.220302
1.09173 1.18895 1.31652 1.18626 2.04  10.0133 0.95 9.80258 533.129 1981.87  2.89532e+48  5.39558e+30  5.63304e+32  9.26  0.220302
1.09004 1.18953 1.31653 1.18626 2.04  10.0587 0.94 9.80258 582.833 1969.71  3.18488e+48  6.48852e+30  5.61788e+32  9.26  0.220302
1.08832 1.19007 1.31648 1.18626 2.04  10.1051 0.93 9.80258 628.229 1957.54  3.45403e+48  7.58495e+30  5.60203e+32  9.26  0.220302
 1.0866 1.19064 1.31647 1.18626 2.04  10.1526 0.92 9.80258  669.96 1945.36  3.70656e+48  8.68018e+30  5.58626e+32  9.26  0.220302
1.08486 1.19124 1.31649 1.18626 2.04  10.2016 0.91 9.80258 709.014 1933.05  3.94743e+48  9.78313e+30  5.57048e+32  9.26  0.220302
1.08312 1.19189 1.31656 1.18626 2.04  10.2515  0.9 9.80258 745.298 1920.79  4.17633e+48  1.08801e+31  5.55511e+32  9.26  0.220302
1.08132 1.19243 1.31651 1.18626 2.04  10.3027 0.89 9.80258 779.515 1908.31  4.39599e+48  1.19781e+31  5.53853e+32  9.26  0.220302
1.07953 1.19301  1.3165 1.18626 2.04  10.3553 0.88 9.80258 811.827 1895.69  4.60787e+48  1.30759e+31  5.52212e+32  9.26  0.220302
 1.0777 1.19355 1.31643 1.18626 2.04  10.4095 0.87 9.80258 842.486 1882.78  4.8127e+48  1.41729e+31  5.50493e+32  9.26  0.220302
1.07588 1.19421 1.31649 1.18626 2.04  10.4651 0.86 9.80258 871.657 1869.74  5.01245e+48  1.52723e+31  5.48874e+32  9.26  0.220302
1.07406 1.19487 1.31656 1.18626 2.04  10.5223 0.85 9.80258 899.345 1856.51  5.2064e+48  1.63671e+31  5.4724e+32  9.26  0.220302
 1.0722 1.19545 1.31653 1.18626 2.04  10.5812 0.84 9.80258 925.824 1842.92  5.39516e+48  1.74599e+31  5.45506e+32  9.26  0.220302
1.07033 1.19603 1.31649 1.18626 2.04  10.6418 0.83 9.80258 951.022 1829.07  5.57885e+48  1.85457e+31  5.43748e+32  9.26  0.220302
1.06846 1.19666 1.31653 1.18626 2.04  10.7042 0.82 9.80258 975.114 1815.04  5.75912e+48  1.963e+31  5.4205e+32  9.26  0.220302
1.06657 1.19725 1.31651 1.18626 2.04  10.7684 0.81 9.80258 998.024 1800.72  5.93448e+48  2.0703e+31  5.403e+32  9.26  0.220302
1.06467 1.19787 1.31652 1.18626 2.04  10.8348  0.8 9.80258 1020.02 1786.06  6.10676e+48  2.17734e+31  5.38559e+32  9.26  0.220302
1.06278 1.19847 1.31652 1.18626 2.04  10.9033 0.79 9.80258 1041.01 1771.07  6.27502e+48  2.28338e+31  5.36798e+32  9.26  0.220302
1.06088 1.19908 1.31651 1.18626 2.04  10.9742 0.78 9.80258 1061.16 1755.62  6.43993e+48  2.38875e+31  5.35021e+32  9.26  0.220302
1.05899  1.1997 1.31651 1.18626 2.04  11.0475 0.77 9.80258 1080.39 1739.83  6.60134e+48  2.493e+31  5.33259e+32  9.26  0.220302
 1.0571 1.20028 1.31649 1.18626 2.04  11.1233 0.76 9.80258 1098.73 1723.67  6.75907e+48  2.5959e+31  5.31482e+32  9.26  0.220302
1.05522 1.20092 1.31653 1.18626 2.04  11.2018 0.75 9.80258 1116.21 1707.12  6.91367e+48  2.69751e+31  5.29749e+32  9.26  0.220302
1.05334 1.20151 1.31654 1.18626 2.04  11.2832 0.74 9.80258 1132.84 1690.15  7.06452e+48  2.79744e+31  5.28001e+32  9.26  0.220302
1.05147 1.20206 1.31649 1.18626 2.04  11.3678 0.73 9.80258 1148.64 1672.65  7.21094e+48  2.89523e+31  5.26213e+32  9.26  0.220302
1.04965 1.20271 1.31657 1.18626 2.04  11.4557 0.72 9.80258 1163.69 1654.75  7.35486e+48  2.99171e+31  5.24548e+32  9.26  0.220302
1.04783 1.20321 1.31648 1.18626 2.04  11.5472 0.71 9.80258 1177.89 1636.21  7.49276e+48  3.08499e+31  5.2278e+32  9.26  0.220302
1.04606 1.20379 1.31651 1.18626 2.04  11.6425  0.7 9.80258 1191.32 1617.22  7.62758e+48  3.17632e+31  5.21122e+32  9.26  0.220302
1.04434 1.20438 1.31656 1.18626 2.04   11.742 0.69 9.80258 1203.94 1597.66  7.75785e+48  3.26478e+31  5.19517e+32  9.26  0.220302
1.04264  1.2049 1.31655 1.18626 2.04  11.8459 0.68 9.80258 1215.73 1577.49  7.88237e+48  3.34968e+31  5.17905e+32  9.26  0.220302
1.04103 1.20544 1.31659 1.18626 2.04  11.9546 0.67 9.80258 1226.74 1556.7  8.00173e+48  3.43119e+31  5.16386e+32  9.26  0.220302
1.03947 1.20588 1.31652 1.18626 2.04  12.0686 0.66 9.80258 1236.91 1535.16  8.11376e+48  3.50807e+31  5.14857e+32  9.26  0.220302
1.03798 1.20632  1.3165 1.18626 2.04  12.1881 0.65 9.80258 1246.22 1512.99  8.21942e+48  3.5805e+31  5.13428e+32  9.26  0.220302
 1.0366 1.20674 1.31648 1.18626 2.04   12.314 0.64 9.80258 1254.67 1490.07  8.31782e+48  3.64795e+31  5.12092e+32  9.26  0.220302
1.03534 1.20718 1.31654 1.18626 2.04  12.4466 0.63 9.80258 1262.28 1466.4  8.40832e+48  3.70999e+31  5.10912e+32  9.26  0.220302
1.03418 1.20752 1.31652 1.18626 2.04  12.5866 0.62 9.80258 1268.92 1441.87  8.48875e+48  3.76518e+31  5.09789e+32  9.26  0.220302
1.03317 1.20782  1.3165 1.18626 2.04  12.7347 0.61 9.80258 1274.61 1416.51  8.55888e+48  3.81332e+31  5.08802e+32  9.26  0.220302
1.03232 1.20807 1.31647 1.18626 2.04  12.8914  0.6 9.80258 1279.31 1390.3  8.61766e+48  3.85365e+31  5.07968e+32  9.26  0.220302
1.03166 1.20832 1.31653 1.18626 2.04  13.0581 0.59 9.80258 1282.98 1363.19  8.66485e+48  3.88589e+31  5.07357e+32  9.26  0.220302
1.03118 1.20842 1.31647 1.18626 2.04  13.2351 0.58 9.80258 1285.52 1335.15  8.69703e+48  3.90803e+31  5.0686e+32  9.26  0.220302
1.03091  1.2085 1.31647 1.18626 2.04  13.4241 0.57 9.80258 1286.91 1306.16  8.71487e+48  3.92027e+31  5.06604e+32  9.26  0.220302
    1.2  1.4103 1.60309 1.4103 2.04  9.95698    1 9.95698       0 2191.67  0  0  8.38454e+32  9.26  0.220302
1.19544 1.41105 1.60307 1.4103 2.04  9.99553 0.99 9.95698 255.241 2163.38  1.80634e+48  1.6116e+30  8.35892e+32  9.26  0.220302
 1.1915 1.41196 1.60311 1.4103 2.04  10.0355 0.98 9.95698 359.036 2147.79  2.55683e+48  3.20884e+30  8.33573e+32  9.26  0.220302
1.18734 1.41295 1.60329 1.4103 2.04  10.0765 0.97 9.95698 441.165 2133.71  3.1609e+48  4.87439e+30  8.31294e+32  9.26  0.220302
1.18315 1.41391 1.60344 1.4103 2.04   10.118 0.96 9.95698 509.078 2120.6  3.66978e+48  6.5303e+30  8.28957e+32  9.26  0.220302
1.17861  1.4143 1.60281 1.4103 2.04  10.1602 0.95 9.95698 568.145 2107.64  4.11835e+48  8.17883e+30  8.25809e+32  9.26  0.220302
1.17382 1.41508 1.60268 1.4103 2.04  10.2035 0.94 9.95698   621.7 2095.08  4.53357e+48  9.85212e+30  8.23139e+32  9.26  0.220302
  1.169 1.41617 1.60296 1.4103 2.04  10.2478 0.93 9.95698 669.804 2082.98  4.91602e+48  1.15098e+31  8.20879e+32  9.26  0.220302
1.16409 1.41708 1.60299 1.4103 2.04  10.2933 0.92 9.95698 714.686 2070.69  5.27829e+48  1.31861e+31  8.18311e+32  9.26  0.220302
1.15941 1.41792 1.60294 1.4103 2.04  10.3396 0.91 9.95698 756.139 2058.47  5.61949e+48  1.48528e+31  8.15655e+32  9.26  0.220302
1.15495 1.41864 1.60273 1.4103 2.04   10.387  0.9 9.95698  794.94 2046.12  5.94452e+48  1.65181e+31  8.12805e+32  9.26  0.220302
1.15071 1.41929 1.60241 1.4103 2.04  10.4356 0.89 9.95698 831.569 2033.6  6.25656e+48  1.81862e+31  8.09808e+32  9.26  0.220302
1.14708 1.42044 1.60274 1.4103 2.04  10.4856 0.88 9.95698 866.047 2021.31  6.5605e+48  1.98603e+31  8.07447e+32  9.26  0.220302
1.14394 1.42222 1.60386 1.4103 2.04  10.5374 0.87 9.95698 899.122 2009.12  6.86276e+48  2.15688e+31  8.05826e+32  9.26  0.220302
1.14094 1.42318 1.60392 1.4103 2.04    10.59 0.86 9.95698 930.173 1996.4  7.1472e+48  2.32385e+31  8.03132e+32  9.26  0.220302
 1.1382 1.42358 1.60326 1.4103 2.04  10.6439 0.85 9.95698 959.843 1983.05  7.41963e+48  2.48938e+31  7.99682e+32  9.26  0.220302
1.13571 1.42444 1.60316 1.4103 2.04  10.6994 0.84 9.95698 988.135 1969.77  7.68892e+48  2.65577e+31  7.96781e+32  9.26  0.220302
1.13329 1.42537 1.60316 1.4103 2.04  10.7566 0.83 9.95698 1015.19 1956.31  7.95299e+48  2.8222e+31  7.93948e+32  9.26  0.220302
1.13093 1.42637 1.60326 1.4103 2.04  10.8154 0.82 9.95698 1041.01 1942.65  8.21172e+48  2.98812e+31  7.91182e+32  9.26  0.220302
1.12858  1.4272 1.60313 1.4103 2.04  10.8758 0.81 9.95698 1065.68 1928.62  8.46312e+48  3.15258e+31  7.88179e+32  9.26  0.220302
1.12631 1.42819 1.60319 1.4103 2.04  10.9382  0.8 9.95698 1089.37 1914.33  8.71151e+48  3.31725e+31  7.85337e+32  9.26  0.220302
1.12406 1.42917 1.60324 1.4103 2.04  11.0026 0.79 9.95698    1112 1899.72  8.95465e+48  3.48067e+31  7.8246e+32  9.26  0.220302
1.12185  1.4302 1.60335 1.4103 2.04  11.0691 0.78 9.95698 1133.74 1884.76  9.19426e+48  3.64367e+31  7.79621e+32  9.26  0.220302
1.11966  1.4312 1.60342 1.4103 2.04  11.1377 0.77 9.95698  1154.5 1869.41  9.42859e+48  3.80494e+31  7.76735e+32  9.26  0.220302
1.11747 1.43217 1.60346 1.4103 2.04  11.2086 0.76 9.95698 1174.34 1853.72  9.65843e+48  3.96467e+31  7.73818e+32  9.26  0.220302
1.11528 1.43306 1.60341 1.4103 2.04  11.2818 0.75 9.95698 1193.22 1837.61  9.88248e+48  4.12186e+31  7.70807e+32  9.26  0.220302
1.11306 1.43376 1.60312 1.4103 2.04  11.3577 0.74 9.95698  1211.2 1820.93  1.00996e+49  4.27591e+31  7.67574e+32  9.26  0.220302
1.11084 1.43438 1.60274 1.4103 2.04  11.4363 0.73 9.95698 1228.29 1803.8  1.03108e+49  4.42692e+31  7.64273e+32  9.26  0.220302
1.10866  1.4351 1.60249 1.4103 2.04   11.518 0.72 9.95698 1244.61 1786.17  1.05185e+49  4.57609e+31  7.61096e+32  9.26  0.220302
1.10647  1.4364   1.603 1.4103 2.04  11.6028 0.71 9.95698 1260.25 1768.47  1.07303e+49  4.72694e+31  7.58644e+32  9.26  0.220302
1.10422 1.43738  1.6031 1.4103 2.04  11.6911  0.7 9.95698 1275.02 1749.97  1.0932e+49  4.87218e+31  7.55843e+32  9.26  0.220302
1.10199 1.43827 1.60312 1.4103 2.04  11.7829 0.69 9.95698 1288.94 1730.88  1.11269e+49  5.01319e+31  7.53008e+32  9.26  0.220302
1.09979  1.4391 1.60307 1.4103 2.04  11.8788 0.68 9.95698 1302.05 1711.11  1.13147e+49  5.14967e+31  7.50165e+32  9.26  0.220302
1.09763  1.4399 1.60304 1.4103 2.04  11.9787 0.67 9.95698 1314.29 1690.83  1.14964e+49  5.28156e+31  7.47406e+32  9.26  0.220302
1.09556 1.44074 1.60308 1.4103 2.04  12.0833 0.66 9.95698 1325.72 1669.88  1.16715e+49  5.40864e+31  7.44776e+32  9.26  0.220302
1.09357 1.44155 1.60311 1.4103 2.04   12.193 0.65 9.95698 1336.37 1648.12  1.1838e+49  5.52984e+31  7.42246e+32  9.26  0.220302
1.09168 1.44233 1.60316 1.4103 2.04  12.3081 0.64 9.95698 1346.14 1625.65  1.19956e+49  5.64445e+31  7.39843e+32  9.26  0.220302
1.08988 1.44306 1.60321 1.4103 2.04   12.429 0.63 9.95698 1355.01 1602.41  1.21436e+49  5.75172e+31  7.3757e+32  9.26  0.220302
1.08818 1.44353 1.60299 1.4103 2.04  12.5568 0.62 9.95698 1362.93 1578.09  1.22754e+49  5.84813e+31  7.35236e+32  9.26  0.220302
1.08666 1.44413   1.603 1.4103 2.04  12.6915 0.61 9.95698 1369.97 1553.01  1.23979e+49  5.93702e+31  7.33291e+32  9.26  0.220302
1.08533 1.44476 1.60314 1.4103 2.04  12.8341  0.6 9.95698 1376.06 1527.05  1.2508e+49  6.01636e+31  7.31669e+32  9.26  0.220302
1.08416 1.44505 1.60295 1.4103 2.04  12.9857 0.59 9.95698 1381.06 1499.86  1.25962e+49  6.08077e+31  7.30038e+32  9.26  0.220302
1.08324 1.44543 1.60298 1.4103 2.04  13.1469 0.58 9.95698    1385 1471.74  1.26697e+49  6.13375e+31  7.28865e+32  9.26  0.220302
1.08264 1.44591 1.60326 1.4103 2.04  13.3188 0.57 9.95698 1387.91 1442.58  1.2726e+49  6.17396e+31  7.28254e+32  9.26  0.220302
1.08222 1.44588 1.60304 1.4103 2.04  13.5028 0.56 9.95698 1389.42 1412.06  1.27527e+49  6.19359e+31  7.27571e+32  9.26  0.220302
    1.3 1.53562 1.76991 1.53562 2.04  10.0196    1 10.0196       0 2265.56  0  0  1.02721e+33  9.26  0.220302
1.29458 1.53675  1.7699 1.53562 2.04  10.0593 0.99 10.0196 263.363 2233.9  2.14582e+48  1.97541e+30  1.02364e+33  9.26  0.220302
1.28905 1.53777  1.7699 1.53562 2.04   10.099 0.98 10.0196 375.438 2216.5  3.07732e+48  4.03849e+30  1.02017e+33  9.26  0.220302
1.28361  1.5388  1.7699 1.53562 2.04  10.1392 0.97 10.0196 458.943 2201.69  3.78497e+48  6.07196e+30  1.01675e+33  9.26  0.220302
1.27815 1.53985 1.76991 1.53562 2.04  10.1807 0.96 10.0196  528.95 2187.86  4.38969e+48  8.11628e+30  1.01328e+33  9.26  0.220302
1.27264  1.5409 1.76992 1.53562 2.04  10.2229 0.95 10.0196 590.258 2174.65  4.92919e+48  1.01701e+31  1.00978e+33  9.26  0.220302
1.26717 1.54195  1.7699 1.53562 2.04   10.266 0.94 10.0196 644.809 2161.85  5.41902e+48  1.22141e+31  1.00624e+33  9.26  0.220302
1.26159 1.54301 1.76991 1.53562 2.04  10.3102 0.93 10.0196 694.926 2149.18  5.87756e+48  1.42772e+31  1.00266e+33  9.26  0.220302
1.25607  1.5441 1.76992 1.53562 2.04  10.3552 0.92 10.0196 740.893 2136.7  6.30686e+48  1.63334e+31  9.99088e+32  9.26  0.220302
 1.2505 1.54518 1.76991 1.53562 2.04  10.4015 0.91 10.0196 783.822 2124.2  6.7158e+48  1.84002e+31  9.95436e+32  9.26  0.220302
 1.2449 1.54629 1.76992 1.53562 2.04  10.4488  0.9 10.0196 824.026 2111.68  7.10646e+48  2.04693e+31  9.91781e+32  9.26  0.220302
1.23934  1.5474 1.76993 1.53562 2.04  10.4971 0.89 10.0196 861.745 2099.13  7.48101e+48  2.25345e+31  9.88099e+32  9.26  0.220302
1.23371 1.54851 1.76991 1.53562 2.04  10.5467 0.88 10.0196 897.589 2086.45  7.84383e+48  2.46102e+31  9.84352e+32  9.26  0.220302
1.22812 1.54966 1.76992 1.53562 2.04  10.5975 0.87 10.0196 931.436 2073.65  8.1942e+48  2.66789e+31  9.80618e+32  9.26  0.220302
1.22248  1.5508 1.76991 1.53562 2.04  10.6497 0.86 10.0196 963.808 2060.63  8.536e+48  2.87577e+31  9.76814e+32  9.26  0.220302
1.21688 1.55196 1.76992 1.53562 2.04   10.703 0.85 10.0196 994.459 2047.52  8.86734e+48  3.0824e+31  9.73046e+32  9.26  0.220302
1.21121 1.55309  1.7699 1.53562 2.04  10.7578 0.84 10.0196 1023.77 2034.18  9.19107e+48  3.28908e+31  9.69195e+32  9.26  0.220302
1.20551 1.55424  1.7699 1.53562 2.04  10.8139 0.83 10.0196 1051.62 2020.7  9.50621e+48  3.4944e+31  9.65362e+32  9.26  0.220302
1.19982 1.55539  1.7699 1.53562 2.04  10.8716 0.82 10.0196 1078.26 2006.99  9.81501e+48  3.69931e+31  9.61499e+32  9.26  0.220302
1.19413 1.55655 1.76991 1.53562 2.04   10.931 0.81 10.0196 1103.74 1993.07  1.01175e+49  3.90344e+31  9.57642e+32  9.26  0.220302
 1.1885 1.55778 1.77001 1.53562 2.04  10.9921  0.8 10.0196 1128.13 1978.87  1.04148e+49  4.10695e+31  9.53843e+32  9.26  0.220302
1.18297 1.55912 1.77024 1.53562 2.04  11.0551 0.79 10.0196 1151.62 1964.41  1.07087e+49  4.31077e+31  9.50186e+32  9.26  0.220302
1.17699 1.55966 1.76941 1.53562 2.04  11.1198 0.78 10.0196 1173.82 1949.19  1.0985e+49  4.50724e+31  9.45389e+32  9.26  0.220302
 1.1707 1.56109 1.76975 1.53562 2.04  11.1867 0.77 10.0196 1195.36 1934.13  1.12695e+49  4.7088e+31  9.41844e+32  9.26  0.220302
1.16442 1.56229  1.7698 1.53562 2.04  11.2555 0.76 10.0196  1215.8 1918.67  1.15448e+49  4.90633e+31  9.37989e+32  9.26  0.220302
1.15854 1.56342 1.76977 1.53562 2.04  11.3268 0.75 10.0196 1235.42 1902.7  1.18146e+49  5.10201e+31  9.34031e+32  9.26  0.220302
 1.1531  1.5643  1.7694 1.53562 2.04  11.4003 0.74 10.0196 1254.01 1886.26  1.20748e+49  5.29285e+31  9.29763e+32  9.26  0.220302
1.14815 1.56508 1.76893 1.53562 2.04  11.4765 0.73 10.0196 1271.79 1869.26  1.23284e+49  5.48066e+31  9.25379e+32  9.26  0.220302
1.14446  1.5676 1.77068 1.53562 2.04  11.5558 0.72 10.0196 1289.27 1852.65  1.26048e+49  5.68049e+31  9.23295e+32  9.26  0.220302
1.14092 1.56899 1.77101 1.53562 2.04  11.6378 0.71 10.0196 1305.54 1835.06  1.28582e+49  5.86785e+31  9.19781e+32  9.26  0.220302
1.13772 1.56931 1.76999 1.53562 2.04  11.7226  0.7 10.0196 1320.56 1816.46  1.30874e+49  6.04118e+31  9.14931e+32  9.26  0.220302
1.13497 1.57051 1.77012 1.53562 2.04  11.8112 0.69 10.0196 1335.11 1797.71  1.33259e+49  6.21898e+31  9.11296e+32  9.26  0.220302
1.13233 1.57161 1.77013 1.53562 2.04  11.9034 0.68 10.0196  1348.8 1778.28  1.35556e+49  6.3911e+31  9.0759e+32  9.26  0.220302
 1.1298 1.57257 1.77001 1.53562 2.04  11.9995 0.67 10.0196 1361.61 1758.22  1.37761e+49  6.55674e+31  9.03832e+32  9.26  0.220302
1.12743 1.57365 1.77008 1.53562 2.04     12.1 0.66 10.0196 1373.67 1737.51  1.39913e+49  6.71814e+31  9.00355e+32  9.26  0.220302
1.12518 1.57468 1.77011 1.53562 2.04   12.205 0.65 10.0196 1384.84 1716.1  1.41967e+49  6.87221e+31  8.96954e+32  9.26  0.220302
1.12302 1.57558 1.77006 1.53562 2.04  12.3154 0.64 10.0196 1395.15 1693.84  1.43911e+49  7.01816e+31  8.93584e+32  9.26  0.220302
1.12103 1.57658 1.77018 1.53562 2.04   12.431 0.63 10.0196 1404.58 1670.9  1.45764e+49  7.15656e+31  8.90549e+32  9.26  0.220302
1.11919 1.57748 1.77024 1.53562 2.04  12.5531 0.62 10.0196 1413.17 1646.96  1.47481e+49  7.28513e+31  8.87656e+32  9.26  0.220302
1.11747 1.57821 1.77018 1.53562 2.04  12.6816 0.61 10.0196 1420.73 1622.15  1.49037e+49  7.40139e+31  8.84863e+32  9.26  0.220302
1.11594 1.57889 1.77016 1.53562 2.04  12.8176  0.6 10.0196 1427.36 1596.32  1.50437e+49  7.50583e+31  8.82382e+32  9.26  0.220302
1.11459 1.57935 1.76996 1.53562 2.04  12.9621 0.59 10.0196 1432.95 1569.29  1.51614e+49  7.59417e+31  8.80051e+32  9.26  0.220302
1.11345 1.57974 1.76982 1.53562 2.04  13.1153 0.58 10.0196 1437.44 1541.3  1.52604e+49  7.66767e+31  8.78115e+32  9.26  0.220302
1.11262 1.58008 1.76976 1.53562 2.04  13.2793 0.57 10.0196 1440.88 1511.98  1.53354e+49  7.7238e+31  8.76707e+32  9.26  0.220302
1.11205 1.58032 1.76975 1.53562 2.04  13.4539 0.56 10.0196 1443.07 1481.64  1.53864e+49  7.76128e+31  8.7577e+32  9.26  0.220302
1.11185 1.58057 1.76992 1.53562 2.04  13.6415 0.55 10.0196 1444.07 1449.97  1.541e+49  7.77853e+31  8.75557e+32  9.26  0.220302
    1.4 1.63638 1.90771 1.63638 2.04  10.0466    1 10.0466       0 2329.28  0  0  1.20829e+33  9.26  0.220302
1.39279  1.6376 1.90771 1.63638 2.04  10.0861 0.99 10.0466 274.306 2294.16  2.47482e+48  2.37294e+30  1.20339e+33  9.26  0.220302
1.38591 1.63876 1.90771 1.63638 2.04  10.1258 0.98 10.0466 388.012 2275.79  3.52279e+48  4.77794e+30  1.19875e+33  9.26  0.220302
1.37919 1.63997 1.90771 1.63638 2.04  10.1666 0.97 10.0466 473.694 2260.11  4.3283e+48  7.16677e+30  1.19414e+33  9.26  0.220302
1.37234 1.64119  1.9077 1.63638 2.04  10.2085 0.96 10.0466 546.356 2245.49  5.02432e+48  9.59536e+30  1.18944e+33  9.26  0.220302
1.36552 1.64245 1.90772 1.63638 2.04  10.2511 0.95 10.0466 609.547 2231.61  5.6418e+48  1.20208e+31  1.18474e+33  9.26  0.220302
1.35869 1.64371 1.90771 1.63638 2.04  10.2947 0.94 10.0466 666.084 2218.12  6.20526e+48  1.44477e+31  1.17997e+33  9.26  0.220302
1.35183 1.64499  1.9077 1.63638 2.04  10.3393 0.93 10.0466 717.801 2204.87  6.73098e+48  1.68885e+31  1.17517e+33  9.26  0.220302
1.34499 1.64628 1.90769 1.63638 2.04  10.3847 0.92 10.0466 765.275 2191.8  7.22368e+48  1.93234e+31  1.17035e+33  9.26  0.220302
1.33809 1.64761 1.90772 1.63638 2.04  10.4313 0.91 10.0466 809.609 2178.76  7.69326e+48  2.17718e+31  1.16551e+33  9.26  0.220302
1.33113 1.64889 1.90769 1.63638 2.04  10.4788  0.9 10.0466 850.923 2165.77  8.14031e+48  2.42125e+31  1.16058e+33  9.26  0.220302
 1.3242 1.65023 1.90774 1.63638 2.04  10.5274 0.89 10.0466 889.749 2152.82  8.57017e+48  2.66542e+31  1.15573e+33  9.26  0.220302
1.31716 1.65151  1.9077 1.63638 2.04  10.5773 0.88 10.0466 926.343 2139.78  8.98372e+48  2.90895e+31  1.15072e+33  9.26  0.220302
1.31011 1.65282 1.90768 1.63638 2.04  10.6281 0.87 10.0466 960.947 2126.7  9.3839e+48  3.15204e+31  1.14574e+33  9.26  0.220302
1.30307 1.65418 1.90772 1.63638 2.04  10.6803 0.86 10.0466 993.867 2113.52  9.77355e+48  3.39539e+31  1.1408e+33  9.26  0.220302
1.29599  1.6555 1.90771 1.63638 2.04  10.7338 0.85 10.0466 1025.15 2100.17  1.01519e+49  3.63784e+31  1.13576e+33  9.26  0.220302
1.28893 1.65684 1.90769 1.63638 2.04  10.7887 0.84 10.0466 1055.02 2086.64  1.05218e+49  3.88023e+31  1.13071e+33  9.26  0.220302
1.28193 1.65823 1.90773 1.63638 2.04  10.8449 0.83 10.0466 1083.55 2072.94  1.08836e+49  4.12221e+31  1.1257e+33  9.26  0.220302
1.27494 1.65959 1.90771 1.63638 2.04  10.9027 0.82 10.0466 1110.84 2058.96  1.12374e+49  4.3634e+31  1.12061e+33  9.26  0.220302
  1.268 1.66096  1.9077 1.63638 2.04   10.962 0.81 10.0466 1136.99 2044.71  1.15845e+49  4.60408e+31  1.11552e+33  9.26  0.220302
1.26111 1.66236 1.90771 1.63638 2.04  11.0229  0.8 10.0466 1161.98 2030.25  1.19247e+49  4.84345e+31  1.11047e+33  9.26  0.220302
 1.2542 1.66373  1.9077 1.63638 2.04  11.0856 0.79 10.0466 1185.84 2015.51  1.2258e+49  5.08107e+31  1.10536e+33  9.26  0.220302
1.24734  1.6651 1.90771 1.63638 2.04  11.1499 0.78 10.0466  1208.6 2000.57  1.2585e+49  5.31673e+31  1.10029e+33  9.26  0.220302
1.24051 1.66646 1.90771 1.63638 2.04  11.2162 0.77 10.0466 1230.38 1985.32  1.29065e+49  5.5508e+31  1.0952e+33  9.26  0.220302
1.23372 1.66783 1.90771 1.63638 2.04  11.2846 0.76 10.0466  1251.2 1969.72  1.32217e+49  5.7826e+31  1.09011e+33  9.26  0.220302
1.22705 1.66923 1.90774 1.63638 2.04  11.3551 0.75 10.0466 1271.18 1953.74  1.35324e+49  6.01296e+31  1.08509e+33  9.26  0.220302
1.22039 1.67058 1.90769 1.63638 2.04   11.428 0.74 10.0466 1290.25 1937.3  1.3836e+49  6.24008e+31  1.08e+33  9.26  0.220302
1.21384 1.67196 1.90772 1.63638 2.04  11.5032 0.73 10.0466 1308.44 1920.53  1.41351e+49  6.4649e+31  1.07503e+33  9.26  0.220302
1.20731 1.67331 1.90772 1.63638 2.04  11.5809 0.72 10.0466 1325.74 1903.33  1.44274e+49  6.68581e+31  1.07005e+33  9.26  0.220302
1.20086 1.67463  1.9077 1.63638 2.04  11.6615 0.71 10.0466 1342.22 1885.61  1.47136e+49  6.9032e+31  1.06509e+33  9.26  0.220302
1.19456 1.67596 1.90771 1.63638 2.04  11.7449  0.7 10.0466 1357.86 1867.46  1.49936e+49  7.11651e+31  1.06024e+33  9.26  0.220302
1.18845 1.67737 1.90781 1.63638 2.04  11.8318 0.69 10.0466 1372.75 1848.7  1.52681e+49  7.32631e+31  1.05555e+33  9.26  0.220302
 1.1825  1.6788 1.90801 1.63638 2.04  11.9218 0.68 10.0466 1386.76 1829.51  1.55365e+49  7.53115e+31  1.05104e+33  9.26  0.220302
1.17619 1.67933 1.90707 1.63638 2.04  12.0156 0.67 10.0466 1399.64 1809.3  1.57803e+49  7.72044e+31  1.0454e+33  9.26  0.220302
1.16981 1.68099 1.90763 1.63638 2.04  12.1134 0.66 10.0466 1412.11 1788.98  1.60373e+49  7.91604e+31  1.0415e+33  9.26  0.220302
1.16366 1.68216  1.9076 1.63638 2.04  12.2158 0.65 10.0466 1423.62 1767.63  1.62753e+49  8.09905e+31  1.03711e+33  9.26  0.220302
1.15815 1.68326 1.90754 1.63638 2.04  12.3226 0.64 10.0466 1434.24 1745.63  1.65024e+49  8.27324e+31  1.03286e+33  9.26  0.220302
1.15321 1.68405 1.90715 1.63638 2.04  12.4348 0.63 10.0466  1443.9 1722.67  1.67118e+49  8.43468e+31  1.02844e+33  9.26  0.220302
1.14895 1.68471 1.90668 1.63638 2.04  12.5529 0.62 10.0466 1452.65 1698.79  1.69058e+49  8.58429e+31  1.02417e+33  9.26  0.220302
1.14585 1.68666 1.90797 1.63638 2.04   12.677 0.61 10.0466 1460.98 1674.67  1.7113e+49  8.73937e+31  1.02202e+33  9.26  0.220302
1.14317 1.68834   1.909 1.63638 2.04  12.8083  0.6 10.0466 1468.31 1649.4  1.72986e+49  8.87844e+31  1.0199e+33  9.26  0.220302
1.14083  1.6887 1.90849 1.63638 2.04  12.9473 0.59 10.0466 1474.14 1622.55  1.74384e+49  8.98577e+31  1.01654e+33  9.26  0.220302
1.13904 1.68881  1.9078 1.63638 2.04  13.0952 0.58 10.0466 1478.93 1594.41  1.75514e+49  9.07333e+31  1.01345e+33  9.26  0.220302
1.13777 1.68936 1.90785 1.63638 2.04  13.2526 0.57 10.0466 1482.76 1565.38  1.76511e+49  9.14855e+31  1.01158e+33  9.26  0.220302
 1.1369 1.68968  1.9078 1.63638 2.04   13.421 0.56 10.0466 1485.42 1534.97  1.77186e+49  9.19998e+31  1.01022e+33  9.26  0.220302
1.13644 1.68988 1.90781 1.63638 2.04  13.6013 0.55 10.0466  1486.8 1503.33  1.77556e+49  9.22774e+31  1.00952e+33  9.26  0.220302
    1.5 1.71835 2.02332 1.71835 2.04  10.0454    1 10.0454       0 2387.43  0  0  1.38289e+33  9.26  0.220302
1.49207 1.71996  2.0233 1.71835 2.04  10.0862 0.99 10.0454 277.987 2349.71  2.70737e+48  2.63076e+30  1.37688e+33  9.26  0.220302
1.48378 1.72146 2.02335 1.71835 2.04  10.1271 0.98 10.0454 398.741 2329.53  3.90814e+48  5.44716e+30  1.37092e+33  9.26  0.220302
1.47519 1.72285 2.02332 1.71835 2.04  10.1685 0.97 10.0454 489.274 2312.43  4.82605e+48  8.25377e+30  1.36473e+33  9.26  0.220302
1.46694 1.72431 2.02334 1.71835 2.04  10.2108 0.96 10.0454 563.401   2297  5.59424e+48  1.10171e+31  1.35873e+33  9.26  0.220302
1.45842 1.72574 2.02333 1.71835 2.04  10.2542 0.95 10.0454 628.927 2282.17  6.28619e+48  1.38196e+31  1.35252e+33  9.26  0.220302
1.45004 1.72718 2.02332 1.71835 2.04  10.2982 0.94 10.0454 686.832 2268.04  6.9111e+48  1.65923e+31  1.34636e+33  9.26  0.220302
1.44162 1.72865 2.02334 1.71835 2.04  10.3433 0.93 10.0454 739.784 2254.17  7.49482e+48  1.93809e+31  1.34018e+33  9.26  0.220302
1.43307  1.7301 2.02334 1.71835 2.04  10.3895 0.92 10.0454 788.534 2240.5  8.0434e+48  2.21701e+31  1.33389e+33  9.26  0.220302
1.42461 1.73155 2.02331 1.71835 2.04  10.4366 0.91 10.0454  833.49 2227.04  8.56092e+48  2.49419e+31  1.3276e+33  9.26  0.220302
1.41608 1.73303 2.02331 1.71835 2.04  10.4848  0.9 10.0454 875.843 2213.58  9.05879e+48  2.77335e+31  1.32127e+33  9.26  0.220302
1.40763 1.73453 2.02332 1.71835 2.04   10.534 0.89 10.0454 915.399 2200.15  9.53458e+48  3.05085e+31  1.31496e+33  9.26  0.220302
1.39914 1.73605 2.02332 1.71835 2.04  10.5845 0.88 10.0454 952.968 2186.62  9.99623e+48  3.32984e+31  1.30859e+33  9.26  0.220302
 1.3907 1.73758 2.02331 1.71835 2.04  10.6359 0.87 10.0454 988.418 2173.03  1.0442e+49  3.60772e+31  1.30222e+33  9.26  0.220302
1.38226 1.73915 2.02335 1.71835 2.04  10.6888 0.86 10.0454 1022.11 2159.32  1.08759e+49  3.88573e+31  1.29587e+33  9.26  0.220302
1.37379 1.74067 2.02334 1.71835 2.04  10.7428 0.85 10.0454 1054.07 2145.53  1.12973e+49  4.16247e+31  1.28943e+33  9.26  0.220302
1.36534 1.74219 2.02331 1.71835 2.04  10.7981 0.84 10.0454  1084.4 2131.62  1.17073e+49  4.43768e+31  1.28297e+33  9.26  0.220302
1.35688 1.74374 2.02332 1.71835 2.04  10.8549 0.83 10.0454  1113.4 2117.52  1.21091e+49  4.71272e+31  1.27654e+33  9.26  0.220302
 1.3485 1.74528 2.02332 1.71835 2.04   10.913 0.82 10.0454 1140.96 2103.3  1.2501e+49  4.98565e+31  1.2701e+33  9.26  0.220302
1.34013 1.74683 2.02332 1.71835 2.04  10.9727 0.81 10.0454 1167.39 2088.83  1.28862e+49  5.25835e+31  1.26366e+33  9.26  0.220302
 1.3318  1.7484 2.02333 1.71835 2.04  11.0339  0.8 10.0454 1192.57 2074.14  1.3263e+49  5.52886e+31  1.25722e+33  9.26  0.220302
1.32351 1.74998 2.02334 1.71835 2.04  11.0969 0.79 10.0454 1216.78 2059.16  1.36342e+49  5.79897e+31  1.2508e+33  9.26  0.220302
1.31526 1.75153 2.02329 1.71835 2.04  11.1614 0.78 10.0454 1239.88 2043.87  1.39974e+49  6.06646e+31  1.24435e+33  9.26  0.220302
1.30704 1.75314 2.02333 1.71835 2.04   11.228 0.77 10.0454 1262.06 2028.25  1.43557e+49  6.33306e+31  1.23799e+33  9.26  0.220302
1.29886  1.7547  2.0233 1.71835 2.04  11.2963 0.76 10.0454 1283.15 2012.37  1.47062e+49  6.59609e+31  1.2316e+33  9.26  0.220302
1.29072 1.75627 2.02333 1.71835 2.04  11.3669 0.75 10.0454 1303.27 1996.19  1.50514e+49  6.85679e+31  1.22526e+33  9.26  0.220302
1.28266 1.75779 2.02329 1.71835 2.04  11.4395 0.74 10.0454 1322.41 1979.69  1.53892e+49  7.11361e+31  1.2189e+33  9.26  0.220302
1.27476 1.75936 2.02332 1.71835 2.04  11.5145 0.73 10.0454 1340.73 1962.75  1.5722e+49  7.36814e+31  1.21266e+33  9.26  0.220302
1.26703 1.76092 2.02333 1.71835 2.04   11.592 0.72 10.0454 1358.18 1945.38  1.6048e+49  7.61879e+31  1.20647e+33  9.26  0.220302
1.25943 1.76245 2.02331 1.71835 2.04  11.6721 0.71 10.0454 1374.82 1927.54  1.63673e+49  7.86561e+31  1.20032e+33  9.26  0.220302
1.25196 1.76398 2.02333 1.71835 2.04   11.755  0.7 10.0454 1390.55 1909.27  1.66796e+49  8.1074e+31  1.19428e+33  9.26  0.220302
1.24464 1.76548 2.02334 1.71835 2.04  11.8409 0.69 10.0454 1405.48 1890.48  1.69848e+49  8.34439e+31  1.18832e+33  9.26  0.220302
1.23749 1.76694 2.02333 1.71835 2.04  11.9299 0.68 10.0454 1419.54 1871.15  1.72814e+49  8.57505e+31  1.18245e+33  9.26  0.220302
1.23057 1.76839 2.02332 1.71835 2.04  12.0227 0.67 10.0454 1432.82 1851.15  1.75697e+49  8.79962e+31  1.17671e+33  9.26  0.220302
1.22385  1.7698 2.02332 1.71835 2.04  12.1192 0.66 10.0454 1445.23 1830.61  1.78485e+49  9.01666e+31  1.17112e+33  9.26  0.220302
1.21736 1.77117 2.02333 1.71835 2.04  12.2197 0.65 10.0454  1456.8 1809.4  1.81174e+49  9.22577e+31  1.16572e+33  9.26  0.220302
1.21114 1.77245 2.02329 1.71835 2.04  12.3248 0.64 10.0454 1467.52 1787.43  1.83736e+49  9.42507e+31  1.16046e+33  9.26  0.220302
1.20527 1.77372 2.02328 1.71835 2.04  12.4349 0.63 10.0454 1477.44 1764.61  1.86168e+49  9.61444e+31  1.15551e+33  9.26  0.220302
1.19973 1.77495 2.02335 1.71835 2.04  12.5503 0.62 10.0454 1486.46 1741.05  1.88472e+49  9.79282e+31  1.15089e+33  9.26  0.220302
1.19457 1.77603 2.02331 1.71835 2.04  12.6717 0.61 10.0454 1494.54 1716.52  1.9059e+49  9.95675e+31  1.14647e+33  9.26  0.220302
1.18996 1.77713 2.02341 1.71835 2.04  12.7999  0.6 10.0454 1501.75 1690.98  1.92536e+49  1.01069e+32  1.1426e+33  9.26  0.220302
1.18594 1.77821 2.02364 1.71835 2.04  12.9352 0.59 10.0454 1508.02 1664.5  1.9429e+49  1.02416e+32  1.13931e+33  9.26  0.220302
1.18242 1.77897 2.02362 1.71835 2.04  13.0791 0.58 10.0454 1513.18 1636.71  1.95749e+49  1.03538e+32  1.13623e+33  9.26  0.220302
1.17935 1.77914 2.02303 1.71835 2.04  13.2319 0.57 10.0454  1517.1 1607.56  1.96822e+49  1.04375e+32  1.13313e+33  9.26  0.220302
1.17717 1.77935  2.0227 1.71835 2.04  13.3954 0.56 10.0454  1519.9 1577.17  1.97619e+49  1.04991e+32  1.13098e+33  9.26  0.220302
 1.1761 1.77987 2.02304 1.71835 2.04  13.5703 0.55 10.0454 1521.68 1545.63  1.98169e+49  1.05406e+32  1.13033e+33  9.26  0.220302
    1.6 1.78411 2.11745 1.78411 2.04  10.0259    1 10.0259       0 2439.68  0  0  1.54656e+33  9.26  0.220302
1.58834 1.78548 2.11745 1.78411 2.04   10.067 0.99 10.0259 287.517 2398.45  2.95976e+48  2.9746e+30  1.53799e+33  9.26  0.220302
1.57866 1.78713 2.11745 1.78411 2.04   10.109 0.98 10.0259 408.423 2377.45  4.23311e+48  6.04336e+30  1.53059e+33  9.26  0.220302
1.56855 1.78874 2.11743 1.78411 2.04  10.1518 0.97 10.0259 501.626 2359.34  5.23391e+48  9.1773e+30  1.52286e+33  9.26  0.220302
1.55861 1.79039 2.11746 1.78411 2.04  10.1948 0.96 10.0259 578.255 2342.97  6.07407e+48  1.22775e+31  1.51528e+33  9.26  0.220302
1.54865 1.79204 2.11745 1.78411 2.04   10.239 0.95 10.0259 645.301 2327.39  6.82476e+48  1.53942e+31  1.5076e+33  9.26  0.220302
1.53846 1.79367 2.11744 1.78411 2.04   10.284 0.94 10.0259 705.558 2312.31  7.51327e+48  1.85298e+31  1.49976e+33  9.26  0.220302
1.52841 1.79532 2.11744 1.78411 2.04  10.3299 0.93 10.0259 759.678 2297.73  8.14607e+48  2.16315e+31  1.49201e+33  9.26  0.220302
1.51825 1.79699 2.11746 1.78411 2.04   10.377 0.92 10.0259 809.818 2283.34  8.74514e+48  2.4755e+31  1.48419e+33  9.26  0.220302
1.50818 1.79866 2.11748 1.78411 2.04  10.4247 0.91 10.0259 855.869 2269.22  9.30832e+48  2.78476e+31  1.47641e+33  9.26  0.220302
1.49796 1.80031 2.11745 1.78411 2.04  10.4737  0.9 10.0259 898.967 2255.12  9.8472e+48  3.09432e+31  1.4685e+33  9.26  0.220302
1.48772 1.80198 2.11747 1.78411 2.04  10.5238 0.89 10.0259 939.477 2241.09  1.03657e+49  3.40402e+31  1.46062e+33  9.26  0.220302
1.47752 1.80363 2.11745 1.78411 2.04   10.575 0.88 10.0259 977.448 2227.09  1.08638e+49  3.7118e+31  1.45269e+33  9.26  0.220302
1.46729 1.80533 2.11748 1.78411 2.04  10.6274 0.87 10.0259  1013.5 2213.03  1.13479e+49  4.02021e+31  1.44479e+33  9.26  0.220302
1.45718 1.80698 2.11743 1.78411 2.04  10.6809 0.86 10.0259 1047.46 2198.92  1.18153e+49  4.32601e+31  1.43681e+33  9.26  0.220302
1.44711 1.80869 2.11743 1.78411 2.04  10.7358 0.85 10.0259 1079.94 2184.66  1.2273e+49  4.63297e+31  1.42888e+33  9.26  0.220302
1.43714 1.81041 2.11743 1.78411 2.04  10.7918 0.84 10.0259 1110.72 2170.28  1.27177e+49  4.93764e+31  1.42097e+33  9.26  0.220302
 1.4272 1.81216 2.11744 1.78411 2.04  10.8493 0.83 10.0259 1140.18 2155.7  1.31542e+49  5.24259e+31  1.41307e+33  9.26  0.220302
 1.4173 1.81388 2.11744 1.78411 2.04  10.9081 0.82 10.0259 1168.13 2141.02  1.35796e+49  5.54481e+31  1.40517e+33  9.26  0.220302
1.40742 1.81563 2.11748 1.78411 2.04  10.9685 0.81 10.0259 1194.82 2126.14  1.39971e+49  5.84585e+31  1.39731e+33  9.26  0.220302
1.39758 1.81732 2.11743 1.78411 2.04  11.0303  0.8 10.0259 1220.24 2111.06  1.44052e+49  6.1443e+31  1.38937e+33  9.26  0.220302
1.38785 1.81907 2.11746 1.78411 2.04  11.0938 0.79 10.0259 1244.54 2095.78  1.48069e+49  6.44141e+31  1.38155e+33  9.26  0.220302
1.37813 1.82078 2.11743 1.78411 2.04  11.1591 0.78 10.0259 1267.74 2080.19  1.52004e+49  6.73589e+31  1.37366e+33  9.26  0.220302
1.36859 1.82254 2.11745 1.78411 2.04   11.226 0.77 10.0259 1289.92 2064.36  1.55881e+49  7.02853e+31  1.36591e+33  9.26  0.220302
1.35911 1.82427 2.11744 1.78411 2.04   11.295 0.76 10.0259 1311.16 2048.15  1.59686e+49  7.31864e+31  1.35814e+33  9.26  0.220302
1.34983 1.82606 2.11747 1.78411 2.04  11.3658 0.75 10.0259 1331.47 2031.63  1.63433e+49  7.60639e+31  1.35053e+33  9.26  0.220302
1.34058 1.82779 2.11747 1.78411 2.04  11.4388 0.74 10.0259 1350.79 2014.74  1.67105e+49  7.89013e+31  1.34288e+33  9.26  0.220302
1.33143  1.8295 2.11745 1.78411 2.04  11.5139 0.73 10.0259 1369.11 1997.57  1.70708e+49  8.16961e+31  1.3353e+33  9.26  0.220302
1.32238 1.83121 2.11748 1.78411 2.04  11.5915 0.72 10.0259 1386.52 1980.03  1.74246e+49  8.44495e+31  1.32782e+33  9.26  0.220302
1.31342 1.83286 2.11743 1.78411 2.04  11.6716 0.71 10.0259 1403.07 1962.01  1.77704e+49  8.71534e+31  1.32034e+33  9.26  0.220302
1.30469 1.83458 2.11746 1.78411 2.04  11.7544  0.7 10.0259 1418.83 1943.54  1.81099e+49  8.98163e+31  1.3131e+33  9.26  0.220302
1.29614 1.83624 2.11745 1.78411 2.04  11.8401 0.69 10.0259 1433.76 1924.55  1.84415e+49  9.24233e+31  1.30593e+33  9.26  0.220302
1.28776 1.83785 2.11743 1.78411 2.04  11.9289 0.68 10.0259  1447.8 1905.07  1.87638e+49  9.49594e+31  1.29888e+33  9.26  0.220302
1.27963 1.83948 2.11746 1.78411 2.04  12.0211 0.67 10.0259 1461.04   1885  1.90784e+49  9.74342e+31  1.29204e+33  9.26  0.220302
1.27181 1.84103 2.11744 1.78411 2.04  12.1168 0.66 10.0259 1473.41 1864.35  1.9382e+49  9.98229e+31  1.28533e+33  9.26  0.220302
1.26434 1.84258 2.11747 1.78411 2.04  12.2167 0.65 10.0259 1485.03 1842.98  1.96756e+49  1.02134e+32  1.2789e+33  9.26  0.220302
1.25711 1.84402 2.11744 1.78411 2.04  12.3206 0.64 10.0259  1495.7 1820.98  1.99561e+49  1.04334e+32  1.27263e+33  9.26  0.220302
 1.2503 1.84545 2.11747 1.78411 2.04  12.4294 0.63 10.0259 1505.59 1798.19  2.0224e+49  1.06434e+32  1.26671e+33  9.26  0.220302
1.24393 1.84678 2.11745 1.78411 2.04  12.5434 0.62 10.0259 1514.61 1774.48  2.04745e+49  1.08399e+32  1.26109e+33  9.26  0.220302
  1.238 1.84805 2.11749 1.78411 2.04   12.663 0.61 10.0259 1522.73 1749.98  2.07092e+49  1.10229e+32  1.25588e+33  9.26  0.220302
1.23258 1.84919 2.11749 1.78411 2.04   12.789  0.6 10.0259 1529.92 1724.49  2.09235e+49  1.11895e+32  1.25108e+33  9.26  0.220302
1.22779 1.85018 2.11743 1.78411 2.04   12.922 0.59 10.0259 1536.18 1697.88  2.11125e+49  1.13368e+32  1.24675e+33  9.26  0.220302
1.22363 1.85107 2.11744 1.78411 2.04  13.0629 0.58 10.0259 1541.42 1670.16  2.12768e+49  1.1464e+32  1.24303e+33  9.26  0.220302
 1.2203 1.85179 2.11743 1.78411 2.04  13.2127 0.57 10.0259 1545.59 1641.22  2.14101e+49  1.1567e+32  1.24002e+33  9.26  0.220302
1.21779 1.85233 2.11743 1.78411 2.04  13.3722 0.56 10.0259 1548.65 1611.01  2.15096e+49  1.16438e+32  1.23777e+33  9.26  0.220302
1.21632 1.85268 2.11747 1.78411 2.04   13.543 0.55 10.0259 1550.49 1579.4  2.15702e+49  1.16904e+32  1.23646e+33  9.26  0.220302
    1.7 1.83752 2.19553 1.83752 2.04   9.9929    1 9.9929       0 2488.18  0  0  1.70139e+33  9.26  0.220302
 1.6862 1.83924 2.19554 1.83752 2.04  10.0357 0.99 9.9929 299.511 2443.18  3.2129e+48  3.36371e+30  1.69076e+33  9.26  0.220302
1.67385 1.84088 2.19552 1.83752 2.04   10.078 0.98 9.9929 421.916 2420.85  4.55764e+48  6.72163e+30  1.68122e+33  9.26  0.220302
1.66173 1.84258 2.19552 1.83752 2.04  10.1215 0.97 9.9929  515.09 2401.97  5.6036e+48  1.00892e+31  1.67177e+33  9.26  0.220302
1.64931  1.8443 2.19554 1.83752 2.04   10.166 0.96 9.9929 593.854 2384.56  6.50586e+48  1.35049e+31  1.66212e+33  9.26  0.220302
1.63721 1.84605 2.19554 1.83752 2.04  10.2112 0.95 9.9929 661.727 2368.31  7.30125e+48  1.68883e+31  1.6526e+33  9.26  0.220302
1.62501 1.84782 2.19554 1.83752 2.04  10.2575 0.94 9.9929 722.799 2352.56  8.03224e+48  2.02938e+31  1.64299e+33  9.26  0.220302
1.61293 1.84962 2.19553 1.83752 2.04  10.3045 0.93 9.9929 778.087 2337.32  8.70892e+48  2.36865e+31  1.63346e+33  9.26  0.220302
1.60092 1.85144 2.19552 1.83752 2.04  10.3524 0.92 9.9929 828.971 2322.3  9.34592e+48  2.70813e+31  1.62394e+33  9.26  0.220302
1.58884  1.8533 2.19555 1.83752 2.04  10.4014 0.91 9.9929  876.39 2307.38  9.95266e+48  3.04891e+31  1.61438e+33  9.26  0.220302
1.57691 1.85513 2.19554 1.83752 2.04  10.4513  0.9 9.9929 920.277 2292.66  1.05284e+49  3.38679e+31  1.60483e+33  9.26  0.220302
1.56492 1.85695 2.19552 1.83752 2.04  10.5024 0.89 9.9929 961.621 2277.94  1.10834e+49  3.72552e+31  1.59519e+33  9.26  0.220302
1.55309 1.85879 2.19551 1.83752 2.04  10.5545 0.88 9.9929 1000.25 2263.32  1.16155e+49  4.06121e+31  1.58562e+33  9.26  0.220302
1.54124 1.86066 2.19555 1.83752 2.04  10.6079 0.87 9.9929  1036.8 2248.64  1.21318e+49  4.39673e+31  1.57607e+33  9.26  0.220302
1.52946 1.86249 2.19553 1.83752 2.04  10.6623 0.86 9.9929 1071.28 2233.97  1.26312e+49  4.72993e+31  1.56648e+33  9.26  0.220302
1.51767 1.86433 2.19551 1.83752 2.04  10.7181 0.85 9.9929 1103.94 2219.21  1.31169e+49  5.06157e+31  1.55688e+33  9.26  0.220302
  1.506 1.86621 2.19557 1.83752 2.04  10.7751 0.84 9.9929 1135.02 2204.41  1.35917e+49  5.39243e+31  1.54743e+33  9.26  0.220302
1.49432 1.86806 2.19555 1.83752 2.04  10.8334 0.83 9.9929 1164.55 2189.44  1.40547e+49  5.72125e+31  1.5379e+33  9.26  0.220302
1.48267 1.86994 2.19555 1.83752 2.04  10.8932 0.82 9.9929 1192.82 2174.24  1.45091e+49  6.04959e+31  1.52839e+33  9.26  0.220302
1.47123 1.87185 2.19556 1.83752 2.04  10.9544 0.81 9.9929 1219.72 2158.9  1.49537e+49  6.37555e+31  1.519e+33  9.26  0.220302
1.45982 1.87372 2.19553 1.83752 2.04  11.0171  0.8 9.9929 1245.42 2143.33  1.53901e+49  6.69984e+31  1.50956e+33  9.26  0.220302
1.44855 1.87561 2.19554 1.83752 2.04  11.0814 0.79 9.9929 1269.79 2127.61  1.5817e+49  7.02042e+31  1.50022e+33  9.26  0.220302
1.43738  1.8775 2.19555 1.83752 2.04  11.1474 0.78 9.9929 1293.13 2111.64  1.62376e+49  7.33958e+31  1.49092e+33  9.26  0.220302
1.42634 1.87939 2.19555 1.83752 2.04  11.2151 0.77 9.9929 1315.28 2095.44  1.66493e+49  7.65461e+31  1.48168e+33  9.26  0.220302
1.41537 1.88124 2.19551 1.83752 2.04  11.2846 0.76 9.9929 1336.49 2078.92  1.70545e+49  7.96731e+31  1.47244e+33  9.26  0.220302
1.40462 1.88313 2.19553 1.83752 2.04  11.3561 0.75 9.9929 1356.66 2062.14  1.74524e+49  8.27623e+31  1.46338e+33  9.26  0.220302
1.39401   1.885  2.1955 1.83752 2.04  11.4296 0.74 9.9929 1375.99 2044.94  1.78438e+49  8.58248e+31  1.45434e+33  9.26  0.220302
1.38364 1.88691 2.19552 1.83752 2.04  11.5052 0.73 9.9929 1394.37 2027.39  1.8228e+49  8.88434e+31  1.44549e+33  9.26  0.220302
1.37335 1.88877 2.19552 1.83752 2.04  11.5832 0.72 9.9929 1411.83 2009.46  1.86051e+49  9.18166e+31  1.43668e+33  9.26  0.220302
1.36326 1.89061 2.19554 1.83752 2.04  11.6635 0.71 9.9929 1428.29 1991.27  1.89747e+49  9.47323e+31  1.42803e+33  9.26  0.220302
1.35331 1.89242 2.19554 1.83752 2.04  11.7466  0.7 9.9929 1443.91 1972.58  1.93365e+49  9.75948e+31  1.41945e+33  9.26  0.220302
1.34367 1.89422 2.19554 1.83752 2.04  11.8325 0.69 9.9929 1458.69 1953.38  1.96899e+49  1.00395e+32  1.41106e+33  9.26  0.220302
1.33429 1.89601 2.19554 1.83752 2.04  11.9214 0.68 9.9929  1472.7 1933.65  2.00347e+49  1.03135e+32  1.40286e+33  9.26  0.220302
1.32516 1.89777 2.19555 1.83752 2.04  12.0134 0.67 9.9929 1485.85 1913.4  2.03703e+49  1.05798e+32  1.39487e+33  9.26  0.220302
1.31627 1.89946 2.19555 1.83752 2.04  12.1089 0.66 9.9929 1498.14 1892.58  2.06951e+49  1.08375e+32  1.38707e+33  9.26  0.220302
1.30764  1.9011 2.19553 1.83752 2.04  12.2083 0.65 9.9929  1509.6 1871.11  2.10089e+49  1.10859e+32  1.3795e+33  9.26  0.220302
1.29946 1.90272 2.19555 1.83752 2.04  12.3117 0.64 9.9929 1520.25 1848.93  2.13096e+49  1.1324e+32  1.37229e+33  9.26  0.220302
 1.2916 1.90425 2.19555 1.83752 2.04  12.4199 0.63 9.9929 1530.02   1826  2.15964e+49  1.15502e+32  1.36534e+33  9.26  0.220302
1.28424 1.90569 2.19552 1.83752 2.04  12.5328 0.62 9.9929 1538.93 1802.3  2.18663e+49  1.17625e+32  1.35876e+33  9.26  0.220302
 1.2775 1.90706 2.19553 1.83752 2.04  12.6514 0.61 9.9929 1547.04 1777.63  2.21177e+49  1.19605e+32  1.35269e+33  9.26  0.220302
1.27129 1.90831 2.19552 1.83752 2.04  12.7757  0.6 9.9929 1554.17 1752.11  2.23488e+49  1.21411e+32  1.34707e+33  9.26  0.220302
1.26577 1.90943 2.19551 1.83752 2.04  12.9071 0.59 9.9929 1560.36 1725.51  2.25552e+49  1.23022e+32  1.34202e+33  9.26  0.220302
1.26106  1.9104  2.1955 1.83752 2.04   13.046 0.58 9.9929 1565.63 1697.75  2.27333e+49  1.24412e+32  1.33769e+33  9.26  0.220302
1.25716 1.91122 2.19552 1.83752 2.04  13.1931 0.57 9.9929 1569.82 1668.87  2.28808e+49  1.25553e+32  1.33412e+33  9.26  0.220302
1.25429 1.91186 2.19555 1.83752 2.04  13.3502 0.56 9.9929 1572.95 1638.59  2.29909e+49  1.26409e+32  1.3315e+33  9.26  0.220302
1.25249 1.91225 2.19556 1.83752 2.04  13.5176 0.55 9.9929 1574.84 1607.01  2.30602e+49  1.26943e+32  1.32983e+33  9.26  0.220302
    1.8 1.88137 2.26106 1.88137 2.04  9.94967    1 9.94967       0 2534.15  0  0  1.84922e+33  9.26  0.220302
1.78413 1.88332 2.26107 1.88137 2.04  9.99411 0.99 9.94967   303.4 2486.61  3.35816e+48  3.56144e+30  1.83653e+33  9.26  0.220302
1.76915 1.88514 2.26106 1.88137 2.04   10.038 0.98 9.94967 432.882 2462.2  4.82505e+48  7.30097e+30  1.82457e+33  9.26  0.220302
 1.7548 1.88703 2.26107 1.88137 2.04  10.0825 0.97 9.94967  528.65 2442.02  5.93506e+48  1.09673e+31  1.813e+33  9.26  0.220302
1.74031 1.88891 2.26105 1.88137 2.04  10.1281 0.96 9.94967 608.898 2423.54  6.88591e+48  1.4656e+31  1.80133e+33  9.26  0.220302
1.72571 1.89079 2.26105 1.88137 2.04  10.1745 0.95 9.94967 678.512 2406.21  7.7296e+48  1.83326e+31  1.78967e+33  9.26  0.220302
1.71118 1.89268 2.26105 1.88137 2.04   10.222 0.94 9.94967 740.179 2389.66  8.49492e+48  2.19788e+31  1.77803e+33  9.26  0.220302
1.69668 1.89458 2.26105 1.88137 2.04  10.2703 0.93 9.94967 796.448 2373.59  9.20933e+48  2.56386e+31  1.7664e+33  9.26  0.220302
1.68235 1.89649 2.26104 1.88137 2.04  10.3196 0.92 9.94967  847.82 2357.89  9.87729e+48  2.92718e+31  1.75479e+33  9.26  0.220302
1.66819 1.89846 2.26107 1.88137 2.04  10.3699 0.91 9.94967 895.686 2342.41  1.05146e+49  3.29197e+31  1.74332e+33  9.26  0.220302
1.65416 1.90042 2.26106 1.88137 2.04   10.421  0.9 9.94967 940.221 2327.05  1.11217e+49  3.65518e+31  1.73184e+33  9.26  0.220302
1.64028 1.90241 2.26105 1.88137 2.04  10.4732 0.89 9.94967 982.046 2311.72  1.17058e+49  4.0183e+31  1.72042e+33  9.26  0.220302
1.62642 1.90442 2.26107 1.88137 2.04  10.5265 0.88 9.94967 1021.37 2296.39  1.22687e+49  4.38018e+31  1.70903e+33  9.26  0.220302
1.61266 1.90643 2.26107 1.88137 2.04  10.5808 0.87 9.94967 1058.31 2281.14  1.28119e+49  4.73951e+31  1.69771e+33  9.26  0.220302
1.59881 1.90838 2.26101 1.88137 2.04  10.6364 0.86 9.94967 1093.29 2265.8  1.33393e+49  5.09773e+31  1.68624e+33  9.26  0.220302
1.58519 1.91041 2.26105 1.88137 2.04  10.6932 0.85 9.94967 1126.32 2250.46  1.38518e+49  5.45348e+31  1.675e+33  9.26  0.220302
1.57168 1.91241 2.26105 1.88137 2.04  10.7513 0.84 9.94967 1157.73 2235.02  1.43522e+49  5.80808e+31  1.66374e+33  9.26  0.220302
1.55835 1.91443 2.26108 1.88137 2.04  10.8107 0.83 9.94967 1187.42 2219.54  1.48394e+49  6.15924e+31  1.65259e+33  9.26  0.220302
1.54506 1.91642 2.26107 1.88137 2.04  10.8715 0.82 9.94967 1215.73 2203.9  1.53168e+49  6.50895e+31  1.6414e+33  9.26  0.220302
1.53198 1.91841 2.26105 1.88137 2.04  10.9337 0.81 9.94967 1242.62 2188.13  1.57834e+49  6.85564e+31  1.63031e+33  9.26  0.220302
1.51901 1.92045 2.26106 1.88137 2.04  10.9975  0.8 9.94967 1268.37 2172.1  1.62426e+49  7.20125e+31  1.61931e+33  9.26  0.220302
1.50623 1.92248 2.26105 1.88137 2.04  11.0626 0.79 9.94967 1292.87 2155.9  1.66922e+49  7.54356e+31  1.60841e+33  9.26  0.220302
1.49345 1.92451 2.26106 1.88137 2.04  11.1295 0.78 9.94967 1316.23 2139.46  1.71343e+49  7.88329e+31  1.59757e+33  9.26  0.220302
1.48087 1.92655 2.26108 1.88137 2.04   11.198 0.77 9.94967 1338.42 2122.86  1.7568e+49  8.21908e+31  1.58689e+33  9.26  0.220302
1.46839 1.92857 2.26109 1.88137 2.04  11.2684 0.76 9.94967 1359.58 2105.95  1.79944e+49  8.55167e+31  1.57623e+33  9.26  0.220302
1.45617 1.93057 2.26109 1.88137 2.04  11.3405 0.75 9.94967 1379.69 2088.81  1.84128e+49  8.8799e+31  1.56571e+33  9.26  0.220302
1.44411 1.93255 2.26107 1.88137 2.04  11.4148 0.74 9.94967 1398.84 2071.31  1.8824e+49  9.20424e+31  1.55524e+33  9.26  0.220302
1.43234 1.93453 2.26103 1.88137 2.04   11.491 0.73 9.94967 1417.07 2053.48  1.92275e+49  9.52409e+31  1.54494e+33  9.26  0.220302
1.42082 1.93657 2.26107 1.88137 2.04  11.5696 0.72 9.94967  1434.5 2035.21  1.96249e+49  9.8405e+31  1.53489e+33  9.26  0.220302
1.40949 1.93853 2.26105 1.88137 2.04  11.6505 0.71 9.94967 1450.92 2016.6  2.0013e+49  1.015e+32  1.5249e+33  9.26  0.220302
1.39832 1.94047 2.26105 1.88137 2.04   11.734  0.7 9.94967 1466.43 1997.6  2.0394e+49  1.04538e+32  1.51506e+33  9.26  0.220302
1.38744 1.94238 2.26105 1.88137 2.04  11.8202 0.69 9.94967 1481.02 1978.22  2.07659e+49  1.07503e+32  1.50542e+33  9.26  0.220302
1.37689 1.94428 2.26106 1.88137 2.04  11.9093 0.68 9.94967 1494.86 1958.27  2.11295e+49  1.10408e+32  1.49603e+33  9.26  0.220302
1.36675 1.94618 2.26108 1.88137 2.04  12.0015 0.67 9.94967 1507.88 1937.8  2.14831e+49  1.13233e+32  1.48693e+33  9.26  0.220302
1.35685 1.94797 2.26103 1.88137 2.04  12.0971 0.66 9.94967 1520.06 1916.71  2.18249e+49  1.15964e+32  1.47798e+33  9.26  0.220302
1.34735 1.94974 2.26105 1.88137 2.04  12.1963 0.65 9.94967 1531.37 1895.08  2.2156e+49  1.18599e+32  1.46939e+33  9.26  0.220302
1.33824 1.95146 2.26106 1.88137 2.04  12.2996 0.64 9.94967 1541.85 1872.74  2.24736e+49  1.21122e+32  1.46111e+33  9.26  0.220302
1.32965 1.95312 2.26107 1.88137 2.04  12.4073 0.63 9.94967 1551.54 1849.64  2.27765e+49  1.23526e+32  1.45326e+33  9.26  0.220302
1.32151 1.95468 2.26107 1.88137 2.04  12.5196 0.62 9.94967 1560.33 1825.83  2.30627e+49  1.25787e+32  1.44581e+33  9.26  0.220302
1.31391 1.95614 2.26106 1.88137 2.04  12.6374 0.61 9.94967 1568.29 1801.1  2.33297e+49  1.27892e+32  1.43883e+33  9.26  0.220302
1.30702 1.95752 2.26108 1.88137 2.04   12.761  0.6 9.94967 1575.37 1775.42  2.3574e+49  1.29815e+32  1.43251e+33  9.26  0.220302
1.30075  1.9587 2.26106 1.88137 2.04   12.891 0.59 9.94967 1581.49 1748.78  2.37939e+49  1.31535e+32  1.42672e+33  9.26  0.220302
1.29546  1.9598 2.26109 1.88137 2.04  13.0283 0.58 9.94967  1586.7 1720.97  2.39845e+49  1.33026e+32  1.42183e+33  9.26  0.220302
1.29098 1.96062 2.26102 1.88137 2.04  13.1737 0.57 9.94967 1590.85 1692.03  2.41411e+49  1.34244e+32  1.41762e+33  9.26  0.220302
1.28771 1.96131 2.26105 1.88137 2.04  13.3286 0.56 9.94967 1593.98 1661.72  2.42601e+49  1.35171e+32  1.41459e+33  9.26  0.220302
1.28556 1.96174 2.26106 1.88137 2.04  13.4934 0.55 9.94967  1595.9 1630.16  2.43369e+49  1.35762e+32  1.4126e+33  9.26  0.220302
1.28484 1.96187 2.26104 1.88137 2.04  13.6702 0.54 9.94967 1596.59 1597.06  2.43623e+49  1.35963e+32  1.4119e+33  9.26  0.220302
    1.9  1.9172 2.31557 1.9172 2.04  9.90037    1 9.90037       0 2577.3  0  0  1.98893e+33  9.26  0.220302
1.88127 1.91934 2.31556 1.9172 2.04  9.94601 0.99 9.90037 310.365 2526.94  3.5151e+48  3.81346e+30  1.97399e+33  9.26  0.220302
1.86379 1.92139 2.31557 1.9172 2.04  9.99141 0.98 9.90037  442.05 2501.19  5.04351e+48  7.79314e+30  1.95992e+33  9.26  0.220302
1.84627 1.92337 2.31556 1.9172 2.04  10.0375 0.97 9.90037 540.823 2479.56  6.21609e+48  1.17512e+31  1.94566e+33  9.26  0.220302
1.82928 1.92539 2.31554 1.9172 2.04  10.0844 0.96 9.90037 622.251 2460.09  7.20616e+48  1.56739e+31  1.9317e+33  9.26  0.220302
1.81195 1.92743 2.31557 1.9172 2.04  10.1325 0.95 9.90037 693.634 2441.64  8.09381e+48  1.96242e+31  1.91765e+33  9.26  0.220302
1.79502 1.92947 2.31554 1.9172 2.04  10.1811 0.94 9.90037 756.589 2424.13  8.89613e+48  2.35272e+31  1.90379e+33  9.26  0.220302
1.77833 1.93154 2.31557 1.9172 2.04  10.2308 0.93 9.90037 813.826 2407.11  9.64317e+48  2.74322e+31  1.89002e+33  9.26  0.220302
1.76173 1.93356 2.31554 1.9172 2.04  10.2814 0.92 9.90037  866.08 2390.51  1.03424e+49  3.13103e+31  1.87618e+33  9.26  0.220302
1.74534 1.93562 2.31556 1.9172 2.04   10.333 0.91 9.90037 914.247 2374.29  1.1004e+49  3.5166e+31  1.86254e+33  9.26  0.220302
1.72885 1.93769 2.31558 1.9172 2.04  10.3856  0.9 9.90037 959.229 2358.24  1.16372e+49  3.90192e+31  1.84894e+33  9.26  0.220302
1.71255 1.93977 2.31558 1.9172 2.04  10.4392 0.89 9.90037 1001.17 2342.3  1.2243e+49  4.28453e+31  1.83543e+33  9.26  0.220302
1.69644 1.94188 2.31557 1.9172 2.04  10.4939 0.88 9.90037 1040.82 2326.38  1.28299e+49  4.66775e+31  1.822e+33  9.26  0.220302
1.68061 1.94398 2.31553 1.9172 2.04  10.5495 0.87 9.90037 1078.11 2310.48  1.33963e+49  5.04844e+31  1.80868e+33  9.26  0.220302
1.66497 1.94616 2.31558 1.9172 2.04  10.6063 0.86 9.90037 1113.47 2294.52  1.39478e+49  5.42864e+31  1.79556e+33  9.26  0.220302
1.64943 1.94828 2.31554 1.9172 2.04  10.6642 0.85 9.90037 1146.78 2278.55  1.44822e+49  5.80525e+31  1.78238e+33  9.26  0.220302
1.63411 1.95043 2.31558 1.9172 2.04  10.7234 0.84 9.90037 1178.36 2262.55  1.5004e+49  6.18011e+31  1.76941e+33  9.26  0.220302
1.61882 1.95256 2.31558 1.9172 2.04   10.784 0.83 9.90037 1208.26 2246.45  1.55121e+49  6.55148e+31  1.75644e+33  9.26  0.220302
1.60371 1.95469 2.31558 1.9172 2.04  10.8458 0.82 9.90037 1236.64 2230.28  1.60092e+49  6.92024e+31  1.7436e+33  9.26  0.220302
1.58867 1.95679 2.31555 1.9172 2.04  10.9092 0.81 9.90037 1263.57 2213.96  1.64949e+49  7.28551e+31  1.73074e+33  9.26  0.220302
1.57397 1.95892 2.31555 1.9172 2.04  10.9739  0.8 9.90037 1289.21 2197.53  1.69719e+49  7.64823e+31  1.7181e+33  9.26  0.220302
1.55956 1.96107 2.31557 1.9172 2.04  11.0401 0.79 9.90037 1313.68 2180.92  1.74405e+49  8.00864e+31  1.70563e+33  9.26  0.220302
1.54535 1.96322 2.31557 1.9172 2.04  11.1079 0.78 9.90037 1336.99 2164.03  1.79003e+49  8.36558e+31  1.69325e+33  9.26  0.220302
1.53137 1.96536 2.31556 1.9172 2.04  11.1774 0.77 9.90037  1359.2 2146.94  1.83522e+49  8.7193e+31  1.681e+33  9.26  0.220302
1.51754 1.96749 2.31556 1.9172 2.04  11.2486 0.76 9.90037 1380.25 2129.63  1.87955e+49  9.06818e+31  1.66887e+33  9.26  0.220302
1.50389  1.9696 2.31554 1.9172 2.04  11.3217 0.75 9.90037 1400.29 2112.06  1.92313e+49  9.41317e+31  1.65687e+33  9.26  0.220302
1.49041 1.97173 2.31556 1.9172 2.04  11.3967 0.74 9.90037 1419.31 2094.22  1.96594e+49  9.75341e+31  1.64507e+33  9.26  0.220302
1.47716 1.97383 2.31557 1.9172 2.04  11.4738 0.73 9.90037 1437.39 2076.05  2.00801e+49  1.0089e+32  1.63342e+33  9.26  0.220302
1.46422 1.97593 2.31555 1.9172 2.04   11.553 0.72 9.90037 1454.57 2057.5  2.04926e+49  1.04193e+32  1.62196e+33  9.26  0.220302
1.45175 1.97806  2.3156 1.9172 2.04  11.6345 0.71 9.90037 1470.95 2038.59  2.08985e+49  1.07454e+32  1.61085e+33  9.26  0.220302
1.43944 1.98009 2.31555 1.9172 2.04  11.7185  0.7 9.90037 1486.36 2019.23  2.12942e+49  1.10635e+32  1.59973e+33  9.26  0.220302
1.42739 1.98211 2.31555 1.9172 2.04  11.8052 0.69 9.90037  1500.8 1999.52  2.16817e+49  1.13743e+32  1.58888e+33  9.26  0.220302
1.41568 1.98411 2.31557 1.9172 2.04  11.8947 0.68 9.90037 1514.43 1979.34  2.20606e+49  1.16782e+32  1.5783e+33  9.26  0.220302
1.40441 1.98607 2.31556 1.9172 2.04  11.9872 0.67 9.90037 1527.24 1958.65  2.24286e+49  1.19734e+32  1.56803e+33  9.26  0.220302
1.39355 1.98802 2.31557 1.9172 2.04  12.0831 0.66 9.90037 1539.28 1937.32  2.27858e+49  1.226e+32  1.55808e+33  9.26  0.220302
1.38312 1.98989 2.31556 1.9172 2.04  12.1824 0.65 9.90037 1550.45 1915.45  2.31302e+49  1.25356e+32  1.54847e+33  9.26  0.220302
1.37308  1.9917 2.31557 1.9172 2.04  12.2856 0.64 9.90037 1560.77 1892.95  2.34622e+49  1.28002e+32  1.53922e+33  9.26  0.220302
1.36361 1.99342 2.31555 1.9172 2.04  12.3931 0.63 9.90037 1570.27 1869.72  2.37779e+49  1.30513e+32  1.53038e+33  9.26  0.220302
1.35475  1.9951 2.31558 1.9172 2.04  12.5052 0.62 9.90037 1578.96 1845.71  2.40772e+49  1.32888e+32  1.52213e+33  9.26  0.220302
1.34643 1.99662 2.31554 1.9172 2.04  12.6224 0.61 9.90037 1586.76 1820.86  2.43561e+49  1.35091e+32  1.51429e+33  9.26  0.220302
1.33892 1.99805 2.31553 1.9172 2.04  12.7453  0.6 9.90037 1593.71 1795.07  2.46116e+49  1.37106e+32  1.50719e+33  9.26  0.220302
1.33215 1.99934 2.31554 1.9172 2.04  12.8745 0.59 9.90037 1599.75 1768.31  2.48426e+49  1.38918e+32  1.50079e+33  9.26  0.220302
1.32629 2.00048 2.31556 1.9172 2.04  13.0106 0.58 9.90037 1604.84 1740.5  2.50434e+49  1.40486e+32  1.49524e+33  9.26  0.220302
 1.3215 2.00142 2.31556 1.9172 2.04  13.1548 0.57 9.90037 1608.97 1711.43  2.52086e+49  1.41777e+32  1.49068e+33  9.26  0.220302
 1.3178 2.00212 2.31555 1.9172 2.04  13.3078 0.56 9.90037 1612.02 1681.14  2.53353e+49  1.42759e+32  1.48715e+33  9.26  0.220302
1.31549 2.00259 2.31556 1.9172 2.04  13.4707 0.55 9.90037 1613.99 1649.5  2.54162e+49  1.4339e+32  1.48496e+33  9.26  0.220302
1.31466 2.00276 2.31556 1.9172 2.04  13.6453 0.54 9.90037 1614.71 1616.36  2.54451e+49  1.43617e+32  1.48416e+33  9.26  0.220302
      2 1.94576    2.36 1.94576 2.04  9.84674    1 9.84674       0 2617.82  0  0  2.11891e+33  9.26  0.220302
1.97742 1.94818 2.35999 1.94576 2.04  9.89498 0.99 9.84674 315.215 2564.53  3.62928e+48  3.99886e+30  2.10108e+33  9.26  0.220302
1.95704 1.95045    2.36 1.94576 2.04  9.94165 0.98 9.84674 449.941 2537.31  5.21981e+48  8.20954e+30  2.0848e+33  9.26  0.220302
1.93597  1.9526 2.36001 1.94576 2.04  9.98962 0.97 9.84674 552.196 2514.08  6.45532e+48  1.246e+31  2.06774e+33  9.26  0.220302
1.91574 1.95476    2.36 1.94576 2.04  10.0381 0.96 9.84674 635.103 2493.48  7.48274e+48  1.66117e+31  2.05123e+33  9.26  0.220302
1.89516 1.95693 2.36001 1.94576 2.04  10.0878 0.95 9.84674 707.415 2473.99  8.4004e+48  2.07722e+31  2.03462e+33  9.26  0.220302
1.87501 1.95908 2.36001 1.94576 2.04  10.1381 0.94 9.84674 771.472 2455.46  9.23356e+48  2.48999e+31  2.01821e+33  9.26  0.220302
1.85571 1.96126 2.36001 1.94576 2.04  10.1891 0.93 9.84674  829.24 2437.63  1.00045e+49  2.89992e+31  2.0021e+33  9.26  0.220302
1.83644 1.96342    2.36 1.94576 2.04  10.2413 0.92 9.84674 882.479 2420.1  1.07326e+49  3.31067e+31  1.98592e+33  9.26  0.220302
1.81751 1.96561    2.36 1.94576 2.04  10.2942 0.91 9.84674 931.297   2403  1.14184e+49  3.71707e+31  1.97008e+33  9.26  0.220302
1.79843 1.96778 2.35999 1.94576 2.04  10.3484  0.9 9.84674 976.766 2386.04  1.20738e+49  4.12235e+31  1.95412e+33  9.26  0.220302
1.77997 1.96996 2.36001 1.94576 2.04  10.4033 0.89 9.84674 1018.97 2369.43  1.26998e+49  4.52344e+31  1.93853e+33  9.26  0.220302
1.76177 1.97213 2.35998 1.94576 2.04  10.4594 0.88 9.84674 1058.65 2352.89  1.33038e+49  4.92307e+31  1.92296e+33  9.26  0.220302
1.74379 1.97434 2.35998 1.94576 2.04  10.5166 0.87 9.84674 1096.04 2336.37  1.38883e+49  5.32087e+31  1.90759e+33  9.26  0.220302
1.72606 1.97659    2.36 1.94576 2.04  10.5746 0.86 9.84674 1131.41 2319.89  1.44566e+49  5.71732e+31  1.89253e+33  9.26  0.220302
 1.7085 1.97885    2.36 1.94576 2.04  10.6338 0.85 9.84674 1165.01 2303.31  1.50106e+49  6.11273e+31  1.87757e+33  9.26  0.220302
1.69117 1.98111 2.36001 1.94576 2.04  10.6943 0.84 9.84674 1196.68 2286.69  1.5549e+49  6.50412e+31  1.86273e+33  9.26  0.220302
1.67402 1.98333 2.35998 1.94576 2.04  10.7559 0.83 9.84674 1226.72 2270.01  1.60745e+49  6.89273e+31  1.84795e+33  9.26  0.220302
1.65722 1.98559 2.36001 1.94576 2.04  10.8189 0.82 9.84674 1255.14 2253.3  1.65878e+49  7.27759e+31  1.83345e+33  9.26  0.220302
1.64058 1.98782    2.36 1.94576 2.04  10.8833 0.81 9.84674 1282.15 2236.46  1.70905e+49  7.65952e+31  1.819e+33  9.26  0.220302
1.62422 1.99004 2.35999 1.94576 2.04  10.9491  0.8 9.84674 1307.73 2219.55  1.75824e+49  8.03718e+31  1.80473e+33  9.26  0.220302
1.60794 1.99226 2.35999 1.94576 2.04  11.0165 0.79 9.84674 1332.08 2202.44  1.80655e+49  8.4118e+31  1.79058e+33  9.26  0.220302
1.59207  1.9945    2.36 1.94576 2.04  11.0852 0.78 9.84674 1355.24 2185.19  1.85397e+49  8.78269e+31  1.77671e+33  9.26  0.220302
1.57647 1.99674 2.35999 1.94576 2.04  11.1557 0.77 9.84674 1377.35 2167.65  1.9006e+49  9.15052e+31  1.76295e+33  9.26  0.220302
 1.5613 1.99898 2.35999 1.94576 2.04  11.2277 0.76 9.84674 1398.34 2149.94  1.94637e+49  9.51367e+31  1.74945e+33  9.26  0.220302
 1.5463  2.0012 2.35998 1.94576 2.04  11.3018 0.75 9.84674 1418.27 2131.96  1.99136e+49  9.8723e+31  1.73606e+33  9.26  0.220302
1.53169 2.00343 2.36002 1.94576 2.04  11.3775 0.74 9.84674 1437.17 2113.79  2.03557e+49  1.02259e+32  1.72299e+33  9.26  0.220302
1.51724 2.00562    2.36 1.94576 2.04  11.4554 0.73 9.84674 1455.09 2095.24  2.07896e+49  1.05741e+32  1.70999e+33  9.26  0.220302
1.50312 2.00781 2.36002 1.94576 2.04  11.5354 0.72 9.84674 1472.06 2076.42  2.12154e+49  1.09166e+32  1.69729e+33  9.26  0.220302
1.48926 2.00997 2.35999 1.94576 2.04  11.6176 0.71 9.84674  1488.2 2057.16  2.16329e+49  1.12534e+32  1.68478e+33  9.26  0.220302
1.47586 2.01216 2.36001 1.94576 2.04  11.7021  0.7 9.84674  1503.5 2037.52  2.20425e+49  1.15844e+32  1.67267e+33  9.26  0.220302
1.46272 2.01428    2.36 1.94576 2.04  11.7893 0.69 9.84674 1517.85 2017.48  2.24425e+49  1.19072e+32  1.66071e+33  9.26  0.220302
1.44994 2.01634 2.35999 1.94576 2.04  11.8793 0.68 9.84674 1531.27 1997.06  2.28332e+49  1.22215e+32  1.64899e+33  9.26  0.220302
1.43765 2.01839 2.35999 1.94576 2.04  11.9722 0.67 9.84674 1543.89 1976.14  2.32137e+49  1.25277e+32  1.63767e+33  9.26  0.220302
1.42582 2.02041    2.36 1.94576 2.04  12.0685 0.66 9.84674 1555.73 1954.6  2.35827e+49  1.28243e+32  1.6267e+33  9.26  0.220302
1.41452 2.02236 2.35998 1.94576 2.04   12.168 0.65 9.84674 1566.75 1932.5  2.39383e+49  1.31099e+32  1.61614e+33  9.26  0.220302
1.40368 2.02427    2.36 1.94576 2.04  12.2713 0.64 9.84674 1576.94 1909.79  2.42814e+49  1.33843e+32  1.60604e+33  9.26  0.220302
1.39338 2.02608    2.36 1.94576 2.04  12.3787 0.63 9.84674 1586.24 1886.43  2.46085e+49  1.36447e+32  1.59636e+33  9.26  0.220302
1.38377 2.02779 2.35997 1.94576 2.04  12.4907 0.62 9.84674 1594.78 1862.23  2.49168e+49  1.389e+32  1.58723e+33  9.26  0.220302
 1.3748 2.02942 2.35999 1.94576 2.04  12.6077 0.61 9.84674 1602.44 1837.24  2.5206e+49  1.41187e+32  1.57873e+33  9.26  0.220302
1.36664 2.03093    2.36 1.94576 2.04    12.73  0.6 9.84674 1609.26 1811.38  2.54722e+49  1.43285e+32  1.57095e+33  9.26  0.220302
1.35936 2.03227 2.35998 1.94576 2.04  12.8588 0.59 9.84674 1615.21 1784.44  2.571e+49  1.45157e+32  1.56394e+33  9.26  0.220302
1.35302 2.03347 2.36002 1.94576 2.04  12.9939 0.58 9.84674  1620.2 1756.6  2.59197e+49  1.46793e+32  1.55788e+33  9.26  0.220302
1.34789 2.03446 2.36001 1.94576 2.04  13.1371 0.57 9.84674 1624.28 1727.44  2.60908e+49  1.48135e+32  1.5529e+33  9.26  0.220302
1.34384 2.03518 2.35999 1.94576 2.04  13.2887 0.56 9.84674 1627.25 1697.13  2.62231e+49  1.49158e+32  1.54896e+33  9.26  0.220302
1.34137 2.03568    2.36 1.94576 2.04  13.4502 0.55 9.84674  1629.2 1665.4  2.63072e+49  1.49816e+32  1.54657e+33  9.26  0.220302
1.34034 2.03583 2.35995 1.94576 2.04  13.6226 0.54 9.84674  1629.9 1632.29  2.63392e+49  1.50063e+32  1.54552e+33  9.26  0.220302
    2.1 1.96858 2.39537 1.96858 2.04  9.79156    1 9.79156       0 2655.37  0  0  2.23936e+33  9.26  0.220302
2.07096 1.97085  2.3954 1.96858 2.04   9.8432 0.99 9.79156 320.985 2598.45  3.73693e+48  4.19284e+30  2.21616e+33  9.26  0.220302
2.04701 1.97321 2.39537 1.96858 2.04  9.89199 0.98 9.79156 457.344 2569.84  5.36692e+48  8.57979e+30  2.19687e+33  9.26  0.220302
2.02201 1.97553 2.39536 1.96858 2.04  9.94201 0.97 9.79156 561.832 2545.25  6.64588e+48  1.30517e+31  2.17697e+33  9.26  0.220302
1.99755 1.97784 2.39537 1.96858 2.04  9.99235 0.96 9.79156  646.49 2523.28  7.7089e+48  1.74206e+31  2.15756e+33  9.26  0.220302
1.97355 1.98013 2.39536 1.96858 2.04  10.0435 0.95 9.79156 719.608 2502.8  8.65067e+48  2.17598e+31  2.13845e+33  9.26  0.220302
1.95017 1.98241  2.3954 1.96858 2.04  10.0955 0.94 9.79156 784.801 2483.23  9.51205e+48  2.60941e+31  2.11944e+33  9.26  0.220302
1.92772 1.98466 2.39535 1.96858 2.04  10.1482 0.93 9.79156 843.118 2464.46  1.03034e+49  3.03653e+31  2.10072e+33  9.26  0.220302
 1.9052 1.98693 2.39536 1.96858 2.04  10.2021 0.92 9.79156 896.944 2446.05  1.10526e+49  3.46529e+31  2.08212e+33  9.26  0.220302
1.88326 1.98922 2.39537 1.96858 2.04  10.2564 0.91 9.79156 946.186 2428.17  1.17572e+49  3.88856e+31  2.064e+33  9.26  0.220302
1.86181 1.99152 2.39538 1.96858 2.04  10.3121  0.9 9.79156 991.998 2410.44  1.24303e+49  4.31024e+31  2.04592e+33  9.26  0.220302
1.84101  1.9938 2.39537 1.96858 2.04  10.3684 0.89 9.79156 1034.65 2393.01  1.30747e+49  4.7286e+31  2.02813e+33  9.26  0.220302
1.82034 1.99605 2.39535 1.96858 2.04  10.4259 0.88 9.79156  1074.4 2375.75  1.36929e+49  5.14246e+31  2.01047e+33  9.26  0.220302
1.79993 1.99833 2.39535 1.96858 2.04  10.4844 0.87 9.79156  1111.9 2358.62  1.42927e+49  5.55505e+31  1.99307e+33  9.26  0.220302
1.78021 2.00064 2.39537 1.96858 2.04  10.5438 0.86 9.79156 1147.19 2341.6  1.48736e+49  5.96431e+31  1.97608e+33  9.26  0.220302
1.76076 2.00295 2.39536 1.96858 2.04  10.6045 0.85 9.79156 1180.74 2324.43  1.54408e+49  6.37283e+31  1.95911e+33  9.26  0.220302
1.74182 2.00531 2.39536 1.96858 2.04   10.666 0.84 9.79156 1212.48 2307.31  1.5993e+49  6.77819e+31  1.94259e+33  9.26  0.220302
1.72292 2.00765 2.39536 1.96858 2.04  10.7289 0.83 9.79156 1242.61 2290.09  1.6533e+49  7.18115e+31  1.92621e+33  9.26  0.220302
1.70428 2.00999 2.39536 1.96858 2.04  10.7929 0.82 9.79156 1271.02 2272.84  1.70589e+49  7.57904e+31  1.91002e+33  9.26  0.220302
1.68597 2.01231 2.39536 1.96858 2.04  10.8584 0.81 9.79156 1298.02 2255.52  1.75746e+49  7.97399e+31  1.89401e+33  9.26  0.220302
1.66796 2.01463 2.39536 1.96858 2.04  10.9252  0.8 9.79156 1323.56 2238.09  1.80787e+49  8.36412e+31  1.8782e+33  9.26  0.220302
1.65031 2.01694 2.39536 1.96858 2.04  10.9935 0.79 9.79156 1347.84 2220.56  1.8574e+49  8.75092e+31  1.86263e+33  9.26  0.220302
1.63298 2.01924 2.39536 1.96858 2.04  11.0633 0.78 9.79156 1370.85 2202.91  1.90594e+49  9.13291e+31  1.84727e+33  9.26  0.220302
1.61593 2.02156 2.39537 1.96858 2.04  11.1348 0.77 9.79156 1392.79 2185.01  1.95369e+49  9.51154e+31  1.83215e+33  9.26  0.220302
1.59923 2.02387 2.39534 1.96858 2.04  11.2078 0.76 9.79156 1413.63 2166.88  2.00053e+49  9.88533e+31  1.81725e+33  9.26  0.220302
1.58296  2.0262 2.39537 1.96858 2.04  11.2825 0.75 9.79156 1433.48 2148.56  2.04671e+49  1.02555e+32  1.8027e+33  9.26  0.220302
1.56704  2.0285 2.39539 1.96858 2.04  11.3591 0.74 9.79156 1452.22   2130  2.09195e+49  1.06192e+32  1.78834e+33  9.26  0.220302
1.55145 2.03074 2.39534 1.96858 2.04  11.4377 0.73 9.79156    1470 2111.15  2.13636e+49  1.09774e+32  1.77412e+33  9.26  0.220302
1.53625 2.03301 2.39535 1.96858 2.04  11.5184 0.72 9.79156 1486.79 2092.02  2.17998e+49  1.13295e+32  1.76027e+33  9.26  0.220302
1.52145 2.03527 2.39538 1.96858 2.04  11.6012 0.71 9.79156 1502.74 2072.52  2.22285e+49  1.16762e+32  1.74674e+33  9.26  0.220302
1.50704  2.0375 2.39537 1.96858 2.04  11.6864  0.7 9.79156 1517.81 2052.6  2.26471e+49  1.20154e+32  1.73346e+33  9.26  0.220302
1.49302 2.03972 2.39538 1.96858 2.04  11.7741 0.69 9.79156 1532.08 2032.28  2.30576e+49  1.23482e+32  1.72058e+33  9.26  0.220302
1.47927 2.04187 2.39537 1.96858 2.04  11.8646 0.68 9.79156 1545.35 2011.59  2.34578e+49  1.26713e+32  1.70792e+33  9.26  0.220302
1.46595 2.04398 2.39537 1.96858 2.04   11.958 0.67 9.79156 1557.77 1990.43  2.38476e+49  1.29854e+32  1.69561e+33  9.26  0.220302
1.45324 2.04604 2.39535 1.96858 2.04  12.0545 0.66 9.79156  1569.4 1968.72  2.42256e+49  1.32898e+32  1.68371e+33  9.26  0.220302
1.44117 2.04808 2.39536 1.96858 2.04  12.1543 0.65 9.79156 1580.28 1946.43  2.4591e+49  1.35837e+32  1.67236e+33  9.26  0.220302
1.42962 2.05003 2.39535 1.96858 2.04  12.2578 0.64 9.79156 1590.33 1923.5  2.49418e+49  1.38651e+32  1.66143e+33  9.26  0.220302
 1.4186  2.0519 2.39536 1.96858 2.04  12.3652 0.63 9.79156 1599.47 1899.98  2.52776e+49  1.41325e+32  1.65099e+33  9.26  0.220302
1.40831  2.0537 2.39536 1.96858 2.04  12.4773 0.62 9.79156 1607.85 1875.64  2.55945e+49  1.43847e+32  1.64117e+33  9.26  0.220302
1.39879 2.05538 2.39535 1.96858 2.04   12.594 0.61 9.79156 1615.39 1850.52  2.58909e+49  1.46195e+32  1.63203e+33  9.26  0.220302
1.39006 2.05694 2.39538 1.96858 2.04  12.7161  0.6 9.79156 1622.09 1824.56  2.61647e+49  1.48354e+32  1.62367e+33  9.26  0.220302
1.38231 2.05832 2.39534 1.96858 2.04  12.8444 0.59 9.79156 1627.92 1797.51  2.64087e+49  1.50276e+32  1.61612e+33  9.26  0.220302
1.37557 2.05957 2.39539 1.96858 2.04   12.979 0.58 9.79156 1632.83 1769.57  2.66243e+49  1.5196e+32  1.60961e+33  9.26  0.220302
1.37006 2.06058 2.39537 1.96858 2.04  13.1213 0.57 9.79156 1636.82 1740.36  2.68006e+49  1.5334e+32  1.60421e+33  9.26  0.220302
1.36577 2.06136 2.39537 1.96858 2.04  13.2719 0.56 9.79156 1639.75 1709.99  2.69371e+49  1.54397e+32  1.60002e+33  9.26  0.220302
 1.3631 2.06184 2.39533 1.96858 2.04  13.4322 0.55 9.79156 1641.66 1678.21  2.7023e+49  1.55069e+32  1.59737e+33  9.26  0.220302
1.36199 2.06206 2.39537 1.96858 2.04  13.6031 0.54 9.79156 1642.37 1645.14  2.70592e+49  1.55344e+32  1.59633e+33  9.26  0.220302
    2.2 1.98703 2.42403 1.98703 2.04   9.7344    1 9.7344       0 2691.21  0  0  2.35341e+33  9.26  0.220302
2.16047 1.98914 2.42405 1.98703 2.04  9.79091 0.99 9.7344 328.991 2629.7  3.85727e+48  4.4358e+30  2.32278e+33  9.26  0.220302
2.13216 1.99152 2.42403 1.98703 2.04  9.84218 0.98 9.7344 465.701 2599.61  5.50654e+48  8.96384e+30  2.29981e+33  9.26  0.220302
2.10405 1.99394 2.42404 1.98703 2.04  9.89444 0.97 9.7344 570.573 2573.86  6.80374e+48  1.35696e+31  2.27675e+33  9.26  0.220302
2.07588 1.99632 2.42404 1.98703 2.04   9.9473 0.96 9.7344 656.604 2550.51  7.89525e+48  1.81208e+31  2.25383e+33  9.26  0.220302
2.04902 1.99873 2.42404 1.98703 2.04  10.0002 0.95 9.7344 730.569 2528.96  8.85897e+48  2.26231e+31  2.23198e+33  9.26  0.220302
2.02179 2.00111 2.42403 1.98703 2.04  10.0542 0.94 9.7344 796.826 2508.19  9.74462e+48  2.71417e+31  2.20998e+33  9.26  0.220302
1.99535 2.00347 2.42402 1.98703 2.04  10.1087 0.93 9.7344 855.737 2488.46  1.05547e+49  3.15714e+31  2.18869e+33  9.26  0.220302
1.96929 2.00584 2.42403 1.98703 2.04  10.1641 0.92 9.7344 909.911 2469.2  1.13198e+49  3.60035e+31  2.16765e+33  9.26  0.220302
1.94459 2.00821 2.42404 1.98703 2.04  10.2202 0.91 9.7344 959.497 2450.47  1.20398e+49  4.03806e+31  2.14708e+33  9.26  0.220302
1.92047 2.01059 2.42405 1.98703 2.04  10.2774  0.9 9.7344 1005.41 2431.97  1.27255e+49  4.47225e+31  2.12669e+33  9.26  0.220302
1.89651 2.01293 2.42402 1.98703 2.04  10.3353 0.89 9.7344 1048.35 2413.75  1.33845e+49  4.90475e+31  2.10663e+33  9.26  0.220302
1.87342 2.01532 2.42403 1.98703 2.04  10.3939 0.88 9.7344 1088.34 2395.85  1.40169e+49  5.33245e+31  2.08715e+33  9.26  0.220302
1.85096 2.01768 2.42404 1.98703 2.04  10.4538 0.87 9.7344 1125.99 2378.04  1.46299e+49  5.75816e+31  2.06778e+33  9.26  0.220302
1.82913 2.02002 2.42403 1.98703 2.04  10.5145 0.86 9.7344  1161.2 2360.43  1.5221e+49  6.17815e+31  2.04879e+33  9.26  0.220302
1.80734 2.02239 2.42401 1.98703 2.04  10.5766 0.85 9.7344 1194.65 2342.71  1.57985e+49  6.59728e+31  2.02994e+33  9.26  0.220302
1.76602 2.02723 2.42403 1.98703 2.04  10.7034 0.83 9.7344 1256.37 2307.37  1.69114e+49  7.42686e+31  1.99366e+33  9.26  0.220302
1.74605 2.02964 2.42403 1.98703 2.04  10.7685 0.82 9.7344  1284.8 2289.65  1.74484e+49  7.83611e+31  1.97596e+33  9.26  0.220302
 1.7262 2.03205 2.42403 1.98703 2.04  10.8349 0.81 9.7344 1311.74 2271.87  1.7974e+49  8.2414e+31  1.9585e+33  9.26  0.220302
1.70663 2.03445 2.42404 1.98703 2.04  10.9028  0.8 9.7344 1337.23 2253.99  1.84886e+49  8.64211e+31  1.94127e+33  9.26  0.220302
1.68748 2.03682 2.42402 1.98703 2.04   10.972 0.79 9.7344  1361.4 2236.03  1.89929e+49  9.03828e+31  1.92428e+33  9.26  0.220302
 1.6687 2.03921 2.42404 1.98703 2.04  11.0428 0.78 9.7344  1384.3 2217.95  1.94879e+49  9.42984e+31  1.90758e+33  9.26  0.220302
 1.6504 2.04158 2.42404 1.98703 2.04   11.115 0.77 9.7344 1406.06 2199.73  1.99743e+49  9.81712e+31  1.89118e+33  9.26  0.220302
1.63251 2.04396 2.42404 1.98703 2.04  11.1889 0.76 9.7344 1426.75 2181.27  2.0452e+49  1.01998e+32  1.87507e+33  9.26  0.220302
1.61505 2.04633 2.42403 1.98703 2.04  11.2644 0.75 9.7344 1446.45 2162.6  2.0922e+49  1.05782e+32  1.8593e+33  9.26  0.220302
1.59786 2.04868 2.42402 1.98703 2.04  11.3418 0.74 9.7344 1465.05 2143.68  2.13827e+49  1.09503e+32  1.84374e+33  9.26  0.220302
1.58111 2.05103 2.42403 1.98703 2.04  11.4212 0.73 9.7344 1482.68 2124.53  2.1836e+49  1.13169e+32  1.82853e+33  9.26  0.220302
1.56485 2.05335 2.42402 1.98703 2.04  11.5025 0.72 9.7344 1499.32 2105.09  2.22802e+49  1.16768e+32  1.81359e+33  9.26  0.220302
1.54903 2.05565 2.42403 1.98703 2.04   11.586 0.71 9.7344 1515.07 2085.33  2.27166e+49  1.20305e+32  1.799e+33  9.26  0.220302
1.53374 2.05794 2.42402 1.98703 2.04  11.6717  0.7 9.7344 1529.97 2065.21  2.31438e+49  1.23773e+32  1.7848e+33  9.26  0.220302
1.51896 2.06023 2.42404 1.98703 2.04  11.7599 0.69 9.7344 1544.08 2044.65  2.35622e+49  1.27173e+32  1.77102e+33  9.26  0.220302
 1.5045 2.06244 2.42402 1.98703 2.04  11.8508 0.68 9.7344 1557.22 2023.7  2.39696e+49  1.30473e+32  1.7575e+33  9.26  0.220302
1.49037 2.06461 2.42403 1.98703 2.04  11.9447 0.67 9.7344 1569.47 2002.32  2.43672e+49  1.33681e+32  1.74434e+33  9.26  0.220302
1.47685 2.06674 2.42404 1.98703 2.04  12.0414 0.66 9.7344 1580.94 1980.45  2.47532e+49  1.3679e+32  1.7317e+33  9.26  0.220302
1.46398 2.06882 2.42404 1.98703 2.04  12.1416 0.65 9.7344 1591.65 1957.98  2.51258e+49  1.3979e+32  1.71955e+33  9.26  0.220302
1.45179 2.07084 2.42403 1.98703 2.04  12.2452 0.64 9.7344 1601.57 1934.88  2.54837e+49  1.42664e+32  1.70795e+33  9.26  0.220302
1.44018 2.07277 2.42405 1.98703 2.04  12.3528 0.63 9.7344 1610.59 1911.2  2.58262e+49  1.45397e+32  1.69687e+33  9.26  0.220302
1.42928 2.07461 2.42406 1.98703 2.04  12.4649 0.62 9.7344  1618.8 1886.74  2.61499e+49  1.47969e+32  1.6864e+33  9.26  0.220302
1.41924 2.07631 2.42401 1.98703 2.04  12.5816 0.61 9.7344 1626.22 1861.48  2.64514e+49  1.50361e+32  1.67665e+33  9.26  0.220302
1.41003 2.07791 2.42402 1.98703 2.04  12.7035  0.6 9.7344  1632.8 1835.39  2.67305e+49  1.52562e+32  1.66775e+33  9.26  0.220302
1.40188 2.07937 2.42405 1.98703 2.04  12.8314 0.59 9.7344 1638.54 1808.3  2.69813e+49  1.54535e+32  1.65982e+33  9.26  0.220302
1.39473 2.08062 2.42404 1.98703 2.04  12.9657 0.58 9.7344 1643.34 1780.21  2.71998e+49  1.56243e+32  1.65282e+33  9.26  0.220302
1.38892 2.08168 2.42406 1.98703 2.04  13.1073 0.57 9.7344 1647.27 1750.99  2.73819e+49  1.57665e+32  1.64713e+33  9.26  0.220302
1.38446  2.0825 2.42407 1.98703 2.04  13.2571 0.56 9.7344 1650.17 1720.56  2.75211e+49  1.58746e+32  1.64275e+33  9.26  0.220302
1.38162   2.083 2.42404 1.98703 2.04  13.4164 0.55 9.7344 1652.04 1688.75  2.76096e+49  1.59437e+32  1.63992e+33  9.26  0.220302
1.38041  2.0832 2.42404 1.98703 2.04  13.5862 0.54 9.7344 1652.71 1655.62  2.76456e+49  1.5971e+32  1.63874e+33  9.26  0.220302
    2.3 2.00141 2.44673 2.00141 2.04  9.67806    1 9.67806       0 2724.49  0  0  2.45813e+33  9.26  0.220302
2.25115 2.00375 2.44697 2.00141 2.04  9.73935 0.99 9.67806 336.721 2658.74  3.96388e+48  4.66552e+30  2.42113e+33  9.26  0.220302
 2.2142 2.00597 2.44672 2.00141 2.04  9.79417 0.98 9.67806 473.869 2626.51  5.62864e+48  9.32331e+30  2.39242e+33  9.26  0.220302
2.17991 2.00841 2.44671 2.00141 2.04  9.84899 0.97 9.67806 578.937 2599.4  6.93818e+48  1.40406e+31  2.36559e+33  9.26  0.220302
2.14698 2.01082  2.4467 2.00141 2.04  9.90414 0.96 9.67806 665.974 2574.81  8.05191e+48  1.87441e+31  2.33918e+33  9.26  0.220302
2.11621  2.0133 2.44671 2.00141 2.04  9.95976 0.95 9.67806 740.331 2551.95  9.02968e+48  2.33672e+31  2.31374e+33  9.26  0.220302
2.08618  2.0158 2.44674 2.00141 2.04  10.0158 0.94 9.67806 807.259 2530.15  9.93308e+48  2.80289e+31  2.28897e+33  9.26  0.220302
2.05709 2.01826 2.44673 2.00141 2.04   10.072 0.93 9.67806 866.757 2509.43  1.07594e+49  3.25982e+31  2.26504e+33  9.26  0.220302
2.02827 2.02071 2.44673 2.00141 2.04  10.1291 0.92 9.67806 921.144 2489.28  1.15364e+49  3.71455e+31  2.24146e+33  9.26  0.220302
1.99996 2.02314 2.44673 2.00141 2.04  10.1869 0.91 9.67806 971.045 2469.7  1.22697e+49  4.16469e+31  2.21841e+33  9.26  0.220302
1.97249 2.02566 2.44686 2.00141 2.04  10.2455  0.9 9.67806 1017.08 2450.54  1.29666e+49  4.60989e+31  2.19614e+33  9.26  0.220302
1.94589 2.02803 2.44676 2.00141 2.04   10.305 0.89 9.67806 1060.14 2431.54  1.36363e+49  5.0532e+31  2.17369e+33  9.26  0.220302
1.92073 2.03045 2.44673 2.00141 2.04  10.3651 0.88 9.67806 1100.19 2412.96  1.42784e+49  5.49104e+31  2.15212e+33  9.26  0.220302
1.89568 2.03291 2.44676 2.00141 2.04  10.4262 0.87 9.67806    1138 2394.51  1.49025e+49  5.92803e+31  2.13097e+33  9.26  0.220302
1.87129 2.03528 2.44669 2.00141 2.04  10.4882 0.86 9.67806 1173.18 2376.28  1.55022e+49  6.35718e+31  2.11006e+33  9.26  0.220302
1.84785 2.03771 2.44671 2.00141 2.04  10.5515 0.85 9.67806 1206.51 2358.08  1.60879e+49  6.78483e+31  2.08957e+33  9.26  0.220302
 1.8251 2.04016 2.44671 2.00141 2.04  10.6156 0.84 9.67806 1237.99 2339.96  1.66577e+49  7.20842e+31  2.06957e+33  9.26  0.220302
1.80285 2.04263 2.44671 2.00141 2.04  10.6806 0.83 9.67806 1267.93 2321.84  1.72158e+49  7.63009e+31  2.05008e+33  9.26  0.220302
1.78132 2.04513 2.44673 2.00141 2.04  10.7466 0.82 9.67806 1296.37 2303.68  1.77618e+49  8.04867e+31  2.03102e+33  9.26  0.220302
1.76027 2.04759 2.44672 2.00141 2.04   10.814 0.81 9.67806  1323.2 2285.45  1.82948e+49  8.46179e+31  2.01215e+33  9.26  0.220302
1.73951 2.05003 2.44669 2.00141 2.04  10.8828  0.8 9.67806 1348.63 2267.17  1.88172e+49  8.87063e+31  1.99358e+33  9.26  0.220302
1.71913 2.05249 2.44672 2.00141 2.04  10.9528 0.79 9.67806  1372.7 2248.87  1.93294e+49  9.27476e+31  1.97546e+33  9.26  0.220302
1.69905 2.05493 2.44673 2.00141 2.04  11.0244 0.78 9.67806 1395.52 2230.39  1.9832e+49  9.67411e+31  1.95755e+33  9.26  0.220302
1.67952 2.05735 2.44673 2.00141 2.04  11.0975 0.77 9.67806 1417.11 2211.86  2.03252e+49  1.00681e+32  1.94001e+33  9.26  0.220302
1.66042 2.05977 2.44672 2.00141 2.04  11.1722 0.76 9.67806 1437.64 2193.08  2.08098e+49  1.04575e+32  1.92275e+33  9.26  0.220302
1.64195 2.06222 2.44675 2.00141 2.04  11.2485 0.75 9.67806 1457.16 2174.12  2.12866e+49  1.08423e+32  1.90596e+33  9.26  0.220302
1.62385  2.0646  2.4467 2.00141 2.04  11.3265 0.74 9.67806 1475.67 2154.91  2.17542e+49  1.12212e+32  1.88939e+33  9.26  0.220302
1.60616 2.06702 2.44673 2.00141 2.04  11.4064 0.73 9.67806 1493.15 2135.5  2.22143e+49  1.15943e+32  1.87328e+33  9.26  0.220302
1.58891 2.06941 2.44675 2.00141 2.04  11.4884 0.72 9.67806 1509.68 2115.81  2.26657e+49  1.19609e+32  1.85748e+33  9.26  0.220302
1.57215 2.07174 2.44672 2.00141 2.04  11.5725 0.71 9.67806 1525.25 2095.81  2.31078e+49  1.232e+32  1.84195e+33  9.26  0.220302
1.55594 2.07405 2.44669 2.00141 2.04  11.6588  0.7 9.67806 1539.95 2075.44  2.35406e+49  1.26717e+32  1.82681e+33  9.26  0.220302
1.54041 2.07638  2.4467 2.00141 2.04  11.7474 0.69 9.67806 1553.91 2054.7  2.39653e+49  1.30172e+32  1.81225e+33  9.26  0.220302
1.52535 2.07866 2.44671 2.00141 2.04  11.8386 0.68 9.67806 1566.96 2033.54  2.43793e+49  1.33532e+32  1.79806e+33  9.26  0.220302
1.51065 2.08089 2.44673 2.00141 2.04  11.9329 0.67 9.67806 1579.08 2011.97  2.47828e+49  1.36793e+32  1.7842e+33  9.26  0.220302
 1.4965 2.08306 2.44674 2.00141 2.04    12.03 0.66 9.67806 1590.38 1989.94  2.51746e+49  1.39949e+32  1.77085e+33  9.26  0.220302
1.48297 2.08518 2.44673 2.00141 2.04  12.1304 0.65 9.67806 1600.93 1967.32  2.55529e+49  1.42995e+32  1.75803e+33  9.26  0.220302
1.47015 2.08723 2.44671 2.00141 2.04  12.2343 0.64 9.67806 1610.71 1944.06  2.59157e+49  1.45912e+32  1.7458e+33  9.26  0.220302
1.45795 2.08919  2.4467 2.00141 2.04  12.3421 0.63 9.67806 1619.61 1920.18  2.62625e+49  1.48681e+32  1.73411e+33  9.26  0.220302
1.44658 2.09107 2.44673 2.00141 2.04  12.4541 0.62 9.67806 1627.71 1895.66  2.65921e+49  1.513e+32  1.72315e+33  9.26  0.220302
1.43614 2.09284 2.44672 2.00141 2.04  12.5708 0.61 9.67806 1635.03 1870.29  2.68992e+49  1.53735e+32  1.71299e+33  9.26  0.220302
1.42651 2.09446 2.44672 2.00141 2.04  12.6927  0.6 9.67806  1641.5 1844.08  2.71819e+49  1.55966e+32  1.70362e+33  9.26  0.220302
1.41797 2.09593 2.44672 2.00141 2.04  12.8202 0.59 9.67806 1647.13 1816.94  2.74369e+49  1.57969e+32  1.69524e+33  9.26  0.220302
1.41056 2.09723 2.44673 2.00141 2.04  12.9543 0.58 9.67806 1651.88 1788.76  2.76591e+49  1.59707e+32  1.68797e+33  9.26  0.220302
1.40443 2.09831 2.44674 2.00141 2.04  13.0955 0.57 9.67806 1655.71 1759.48  2.7844e+49  1.61148e+32  1.68194e+33  9.26  0.220302
 1.3998  2.0991  2.4467 2.00141 2.04  13.2447 0.56 9.67806 1658.57 1728.98  2.79843e+49  1.6224e+32  1.67731e+33  9.26  0.220302
1.39683 2.09966 2.44674 2.00141 2.04  13.4032 0.55 9.67806 1660.41 1697.16  2.8076e+49  1.62952e+32  1.6744e+33  9.26  0.220302
1.39561 2.09985 2.44671 2.00141 2.04   13.572 0.54 9.67806 1661.08   1664  2.81119e+49  1.63226e+32  1.67317e+33  9.26  0.220302
    2.4 2.01321 2.46577 2.01321 2.04  9.62013    1 9.62013       0 2757.24  0  0  2.55997e+33  9.26  0.220302
2.34374 2.01566 2.46579 2.01321 2.04  9.68568 0.99 9.62013 342.445 2687.77  4.03828e+48  4.83387e+30  2.51644e+33  9.26  0.220302
 2.3065 2.01907 2.46741 2.01321 2.04  9.74073 0.98 9.62013 482.864 2654.98  5.75014e+48  9.70535e+30  2.4895e+33  9.26  0.220302
2.25817 2.02051 2.46574 2.01321 2.04  9.80341 0.97 9.62013 587.352 2623.74  7.0601e+48  1.4495e+31  2.44976e+33  9.26  0.220302
2.21827 2.02296 2.46573 2.01321 2.04  9.86175 0.96 9.62013 675.167 2597.52  8.19167e+48  1.93327e+31  2.41889e+33  9.26  0.220302
2.18319 2.02585 2.46632 2.01321 2.04  9.91886 0.95 9.62013 750.118   2574  9.1861e+48  2.40863e+31  2.39201e+33  9.26  0.220302
2.14632 2.02801 2.46575 2.01321 2.04  9.97856 0.94 9.62013 816.875 2550.43  1.00949e+49  2.88247e+31  2.36147e+33  9.26  0.220302
2.11423 2.03056 2.46577 2.01321 2.04  10.0367 0.93 9.62013 876.793 2528.71  1.09344e+49  3.35121e+31  2.33471e+33  9.26  0.220302
2.08297  2.0331 2.46577 2.01321 2.04  10.0956 0.92 9.62013 931.432 2507.68  1.17225e+49  3.81662e+31  2.30863e+33  9.26  0.220302
2.05208 2.03561 2.46579 2.01321 2.04  10.1551 0.91 9.62013 981.613 2487.21  1.24676e+49  4.27792e+31  2.28309e+33  9.26  0.220302
 2.0221 2.03808 2.46574 2.01321 2.04  10.2151  0.9 9.62013 1027.65 2467.33  1.31721e+49  4.73162e+31  2.25827e+33  9.26  0.220302
1.99188 2.04056 2.46572 2.01321 2.04  10.2767 0.89 9.62013 1070.75 2447.44  1.3851e+49  5.18413e+31  2.23347e+33  9.26  0.220302
1.96369 2.04309 2.46577 2.01321 2.04   10.338 0.88 9.62013 1110.86 2428.29  1.45024e+49  5.63126e+31  2.21017e+33  9.26  0.220302
1.93676 2.04559 2.46577 2.01321 2.04  10.4004 0.87 9.62013 1148.66 2409.22  1.51344e+49  6.07667e+31  2.18709e+33  9.26  0.220302
1.91075 2.04809  2.4658 2.01321 2.04  10.4634 0.86 9.62013 1183.95 2390.48  1.57437e+49  6.51551e+31  2.16477e+33  9.26  0.220302
1.88464 2.05051 2.46572 2.01321 2.04   10.528 0.85 9.62013  1217.1 2371.68  1.63348e+49  6.94941e+31  2.14234e+33  9.26  0.220302
1.86003 2.05303 2.46578 2.01321 2.04  10.5932 0.84 9.62013 1248.49 2353.13  1.6912e+49  7.38058e+31  2.12091e+33  9.26  0.220302
1.83638 2.05553 2.46577 2.01321 2.04  10.6593 0.83 9.62013 1278.24 2334.6  1.74758e+49  7.8083e+31  2.0999e+33  9.26  0.220302
1.81314 2.05803 2.46574 2.01321 2.04  10.7264 0.82 9.62013 1306.54   2316  1.80279e+49  8.23335e+31  2.0793e+33  9.26  0.220302
1.79056 2.06057 2.46575 2.01321 2.04  10.7947 0.81 9.62013 1333.31 2297.39  1.85677e+49  8.65362e+31  2.05925e+33  9.26  0.220302
1.76864 2.06308 2.46574 2.01321 2.04  10.8643  0.8 9.62013 1358.68 2278.74  1.90971e+49  9.06972e+31  2.03949e+33  9.26  0.220302
1.74724 2.06558 2.46575 2.01321 2.04  10.9352 0.79 9.62013  1382.6 2260.04  1.96148e+49  9.47959e+31  2.02012e+33  9.26  0.220302
1.72607 2.06806 2.46575 2.01321 2.04  11.0075 0.78 9.62013 1405.33 2241.25  2.01239e+49  9.88556e+31  2.00113e+33  9.26  0.220302
1.70536 2.07054 2.46577 2.01321 2.04  11.0814 0.77 9.62013 1426.79 2222.37  2.06228e+49  1.02853e+32  1.98252e+33  9.26  0.220302
1.68523 2.07301 2.46577 2.01321 2.04  11.1568 0.76 9.62013 1447.19 2203.34  2.11138e+49  1.06807e+32  1.96429e+33  9.26  0.220302
1.66565 2.07546 2.46575 2.01321 2.04  11.2337 0.75 9.62013 1466.51 2184.09  2.15951e+49  1.10701e+32  1.94643e+33  9.26  0.220302
1.64672 2.07793 2.46575 2.01321 2.04  11.3124 0.74 9.62013 1484.92 2164.65  2.20694e+49  1.14552e+32  1.92906e+33  9.26  0.220302
1.62821 2.08037 2.46575 2.01321 2.04  11.3929 0.73 9.62013 1502.25 2144.97  2.25342e+49  1.1833e+32  1.912e+33  9.26  0.220302
1.61015 2.08281 2.46579 2.01321 2.04  11.4754 0.72 9.62013 1518.65 2125.05  2.29916e+49  1.2205e+32  1.89541e+33  9.26  0.220302
1.59252 2.08518 2.46575 2.01321 2.04    11.56 0.71 9.62013 1534.08 2104.83  2.34387e+49  1.25687e+32  1.87907e+33  9.26  0.220302
1.57556 2.08758 2.46579 2.01321 2.04  11.6468  0.7 9.62013 1548.67 2084.3  2.38783e+49  1.29262e+32  1.86331e+33  9.26  0.220302
1.55926 2.08992 2.46578 2.01321 2.04  11.7359 0.69 9.62013 1562.44 2063.35  2.43074e+49  1.32755e+32  1.84794e+33  9.26  0.220302
1.54355 2.09224 2.46576 2.01321 2.04  11.8276 0.68 9.62013 1575.38 2041.99  2.47261e+49  1.36159e+32  1.83305e+33  9.26  0.220302
1.52829 2.09452 2.46579 2.01321 2.04  11.9221 0.67 9.62013 1587.38 2020.24  2.51346e+49  1.39464e+32  1.81858e+33  9.26  0.220302
1.51357 2.09669 2.46575 2.01321 2.04  12.0196 0.66 9.62013 1598.51 1998.04  2.55302e+49  1.42652e+32  1.80451e+33  9.26  0.220302
1.49955 2.09886 2.46577 2.01321 2.04  12.1203 0.65 9.62013 1608.94 1975.29  2.59138e+49  1.4574e+32  1.79115e+33  9.26  0.220302
1.48621 2.10097 2.46577 2.01321 2.04  12.2244 0.64 9.62013 1618.58 1951.89  2.62813e+49  1.48693e+32  1.77839e+33  9.26  0.220302
1.47356 2.10297 2.46577 2.01321 2.04  12.3323 0.63 9.62013 1627.41 1927.9  2.66326e+49  1.51502e+32  1.76625e+33  9.26  0.220302
1.46166 2.10486 2.46576 2.01321 2.04  12.4444 0.62 9.62013 1635.37 1903.26  2.69659e+49  1.54148e+32  1.75475e+33  9.26  0.220302
1.45082 2.10666 2.46577 2.01321 2.04  12.5611 0.61 9.62013  1642.6 1877.8  2.72771e+49  1.56616e+32  1.74417e+33  9.26  0.220302
1.44085 2.10831 2.46577 2.01321 2.04  12.6829  0.6 9.62013 1648.97 1851.49  2.75633e+49  1.58874e+32  1.73441e+33  9.26  0.220302
1.43195 2.10979 2.46574 2.01321 2.04  12.8103 0.59 9.62013  1654.5 1824.28  2.78214e+49  1.60899e+32  1.72564e+33  9.26  0.220302
1.42433 2.11113 2.46578 2.01321 2.04  12.9441 0.58 9.62013  1659.2 1796.02  2.80467e+49  1.62663e+32  1.71813e+33  9.26  0.220302
1.41792  2.1122 2.46575 2.01321 2.04  13.0849 0.57 9.62013 1662.94 1766.69  2.82336e+49  1.64116e+32  1.71177e+33  9.26  0.220302
1.41318 2.11305 2.46576 2.01321 2.04  13.2338 0.56 9.62013 1665.78 1736.12  2.83761e+49  1.65226e+32  1.70705e+33  9.26  0.220302
1.41004 2.11359 2.46577 2.01321 2.04  13.3915 0.55 9.62013 1667.57 1704.3  2.84693e+49  1.65947e+32  1.70394e+33  9.26  0.220302
1.40885 2.11381 2.46578 2.01321 2.04  13.5595 0.54 9.62013 1668.26 1671.13  2.85058e+49  1.66228e+32  1.70277e+33  9.26  0.220302
    2.5 2.02249 2.48087 2.02249 2.04  9.56196    1 9.56196       0 2788.85  0  0  2.65707e+33  9.26  0.220302
2.44583 2.02506 2.48093 2.02249 2.04  9.62369 0.99 9.56196 346.761 2719.66  4.08465e+48  4.95101e+30  2.61515e+33  9.26  0.220302
    2.6 2.02944 2.49214 2.02944 2.04  9.50476    1 9.50476       0 2818.87  0  0  2.74804e+33  9.26  0.220302
2.50864 2.03196   2.492 2.02944 2.04  9.58974 0.99 9.50476 349.788 2737.78  4.11989e+48  5.03731e+30  2.67852e+33  9.26  0.220302
2.43356 2.03003 2.48504 2.02944 2.04  9.65971 0.98 9.50476 493.643 2694.69  5.86946e+48  1.01279e+31  2.61071e+33  9.26  0.220302
2.41744 2.03432 2.48783 2.02944 2.04  9.69889 0.97 9.50476 603.481 2673.83  7.2397e+48  1.52719e+31  2.60131e+33  9.26  0.220302
2.33948 2.03939  2.4916 2.02944 2.04  9.78969 0.96 9.50476  690.35 2634.1  8.39642e+48  2.02615e+31  2.54578e+33  9.26  0.220302
 2.2959 2.04228 2.49213 2.02944 2.04   9.8512 0.95 9.50476 765.679 2608.38  9.4075e+48  2.51785e+31  2.51206e+33  9.26  0.220302
2.25189 2.04489 2.49215 2.02944 2.04   9.9142 0.94 9.50476 832.697 2583.37  1.03336e+49  3.00779e+31  2.47742e+33  9.26  0.220302
2.21407 2.04847 2.49367 2.02944 2.04  9.97492 0.93 9.50476 893.671 2560.76  1.12025e+49  3.49946e+31  2.44968e+33  9.26  0.220302
2.16926  2.0469 2.48726 2.02944 2.04  10.0346 0.92 9.50476 946.602 2537.72  1.1958e+49  3.95671e+31  2.4057e+33  9.26  0.220302
2.13295 2.04898 2.48644 2.02944 2.04  10.0963 0.91 9.50476 997.121 2515.88  1.27134e+49  4.43117e+31  2.37459e+33  9.26  0.220302
2.09909   2.051 2.48559 2.02944 2.04  10.1577  0.9 9.50476 1043.25 2494.95  1.34245e+49  4.89547e+31  2.34493e+33  9.26  0.220302
2.04848 2.05806 2.48855 2.02944 2.04  10.2722 0.88 9.50476  1129.9 2459.49  1.48238e+49  5.85474e+31  2.30586e+33  9.26  0.220302
2.00105 2.06311 2.49219 2.02944 2.04  10.3596 0.87 9.50476 1164.69 2431.35  1.54634e+49  6.29541e+31  2.27109e+33  9.26  0.220302
1.97045 2.06563 2.49211 2.02944 2.04  10.4249 0.86 9.50476 1199.89 2411.55  1.60828e+49  6.74545e+31  2.24547e+33  9.26  0.220302
1.94163 2.06824 2.49218 2.02944 2.04  10.4913 0.85 9.50476 1232.97 2391.93  1.66851e+49  7.191e+31  2.22072e+33  9.26  0.220302
1.91395  2.0708 2.49221 2.02944 2.04  10.5583 0.84 9.50476 1264.18 2372.58  1.7272e+49  7.63234e+31  2.19663e+33  9.26  0.220302
1.88675 2.07329 2.49212 2.02944 2.04  10.6262 0.83 9.50476 1293.55 2353.31  1.78424e+49  8.0676e+31  2.17296e+33  9.26  0.220302
1.86091 2.07589 2.49215 2.02944 2.04  10.6952 0.82 9.50476 1321.62 2334.06  1.84039e+49  8.50206e+31  2.15017e+33  9.26  0.220302
1.83641  2.0785 2.49216 2.02944 2.04  10.7648 0.81 9.50476 1348.18 2314.88  1.89524e+49  8.93138e+31  2.12811e+33  9.26  0.220302
1.81216 2.08107 2.49212 2.02944 2.04  10.8358  0.8 9.50476  1373.4 2295.6  1.94907e+49  9.35696e+31  2.10635e+33  9.26  0.220302
1.78862 2.08365 2.49213 2.02944 2.04   10.908 0.79 9.50476 1397.13 2276.34  2.00168e+49  9.7755e+31  2.08517e+33  9.26  0.220302
 1.7659  2.0862 2.49214 2.02944 2.04  10.9816 0.78 9.50476 1419.68 2257.02  2.05345e+49  1.01902e+32  2.06443e+33  9.26  0.220302
1.74373 2.08874 2.49213 2.02944 2.04  11.0566 0.77 9.50476  1440.9 2237.62  2.10409e+49  1.05976e+32  2.04412e+33  9.26  0.220302
1.72192 2.09127 2.49215 2.02944 2.04  11.1331 0.76 9.50476 1461.08 2218.14  2.154e+49  1.10009e+32  2.02432e+33  9.26  0.220302
1.70071 2.09378 2.49214 2.02944 2.04  11.2112 0.75 9.50476 1480.12 2198.49  2.20289e+49  1.13972e+32  2.00495e+33  9.26  0.220302
1.68018 2.09629 2.49211 2.02944 2.04   11.291 0.74 9.50476 1498.27 2178.59  2.25102e+49  1.1789e+32  1.98605e+33  9.26  0.220302
1.66039 2.09882 2.49214 2.02944 2.04  11.3723 0.73 9.50476  1515.4 2158.55  2.29829e+49  1.21743e+32  1.96776e+33  9.26  0.220302
1.64104 2.10127  2.4921 2.02944 2.04  11.4558 0.72 9.50476 1531.56 2138.22  2.34465e+49  1.25522e+32  1.94972e+33  9.26  0.220302
1.62242 2.10377 2.49216 2.02944 2.04  11.5411 0.71 9.50476 1546.81 2117.71  2.39025e+49  1.29237e+32  1.9324e+33  9.26  0.220302
    2.7 2.03459 2.50048 2.03459 2.04  9.44966    1 9.44966       0 2847.11  0  0  2.83298e+33  9.26  0.220302
2.57894 2.03707  2.5003 2.03459 2.04  9.54931 0.99 9.44966 353.116 2757.97  4.15116e+48  5.12384e+30  2.74331e+33  9.26  0.220302
2.49954 2.03927 2.49972 2.03459 2.04  9.62698 0.98 9.44966 499.963 2712.58  5.94902e+48  1.03966e+31  2.68174e+33  9.26  0.220302
2.44366 2.04241 2.50048 2.03459 2.04  9.69336 0.97 9.44966 607.278 2679.21  7.30727e+48  1.55114e+31  2.63912e+33  9.26  0.220302
2.33515 2.04716 2.49981 2.03459 2.04  9.82731 0.95 9.44966 771.085 2620.08  9.47715e+48  2.5544e+31  2.55266e+33  9.26  0.220302
    2.8 2.03807 2.50617 2.03807 2.04  9.39695    1 9.39695       0 2873.53  0  0  2.91117e+33  9.26  0.220302
