    0.6 0.634505 0.659777 0.634505 1.93  11.4166    1 11.4166       0 1197.38  0  0  1.308e+32  10.8  0.178704
0.598988 0.634625 0.659805 0.634505 1.93  11.4805 0.99 11.4166  146.61 1185.95  3.89562e+47  1.99641e+29  1.30538e+32  10.8  0.178704
0.598016 0.634701 0.659774 0.634505 1.93  11.5462 0.98 11.4166 206.411 1176.19  5.5185e+47  3.98165e+29  1.30253e+32  10.8  0.178704
0.597026 0.634798 0.659767 0.634505 1.93  11.6138 0.97 11.4166 252.334 1166.5  6.78723e+47  5.98655e+29  1.29975e+32  10.8  0.178704
0.596044  0.6349 0.659762 0.634505 1.93  11.6831 0.96 11.4166 290.559 1156.8  7.86274e+47  7.98576e+29  1.29695e+32  10.8  0.178704
0.595061 0.63503 0.659794 0.634505 1.93   11.754 0.95 11.4166 323.581 1147.18  8.81173e+47  9.96672e+29  1.29431e+32  10.8  0.178704
0.59406 0.635116 0.659778 0.634505 1.93  11.8268 0.94 11.4166  353.13 1137.4  9.67615e+47  1.19439e+30  1.29147e+32  10.8  0.178704
0.593076 0.635228 0.659788 0.634505 1.93  11.9017 0.93 11.4166 379.869 1127.53  1.04743e+48  1.39081e+30  1.28869e+32  10.8  0.178704
0.592084 0.635319 0.659774 0.634505 1.93  11.9789 0.92 11.4166 404.522 1117.46  1.12231e+48  1.58695e+30  1.2858e+32  10.8  0.178704
0.591095 0.635425 0.659779 0.634505 1.93  12.0581 0.91 11.4166 427.237 1107.3  1.19278e+48  1.78131e+30  1.28298e+32  10.8  0.178704
0.590113 0.63553 0.659781 0.634505 1.93  12.1396  0.9 11.4166  448.41 1096.98  1.25972e+48  1.97451e+30  1.28014e+32  10.8  0.178704
0.589131 0.635619 0.659764 0.634505 1.93  12.2238 0.89 11.4166 468.272 1086.43  1.32359e+48  2.16651e+30  1.27722e+32  10.8  0.178704
0.588155 0.635728 0.659771 0.634505 1.93  12.3103 0.88 11.4166 486.817 1075.79  1.38464e+48  2.3562e+30  1.27438e+32  10.8  0.178704
0.587184 0.635831 0.659773 0.634505 1.93  12.3996 0.87 11.4166 504.293 1064.95  1.44328e+48  2.54414e+30  1.27153e+32  10.8  0.178704
0.586229 0.635955 0.659798 0.634505 1.93  12.4915 0.86 11.4166 520.759 1053.96  1.4997e+48  2.72992e+30  1.26877e+32  10.8  0.178704
0.585269 0.636045 0.659788 0.634505 1.93  12.5864 0.85 11.4166 536.285 1042.74  1.5539e+48  2.91291e+30  1.26589e+32  10.8  0.178704
0.584323 0.636139 0.659781 0.634505 1.93  12.6844 0.84 11.4166 550.959 1031.33  1.60615e+48  3.09324e+30  1.26304e+32  10.8  0.178704
0.583401 0.636255 0.659797 0.634505 1.93  12.7859 0.83 11.4166 564.879 1019.69  1.65662e+48  3.27104e+30  1.26027e+32  10.8  0.178704
0.582478 0.636351 0.659798 0.634505 1.93  12.8906 0.82 11.4166  577.98 1007.88  1.70521e+48  3.44507e+30  1.25749e+32  10.8  0.178704
0.581569 0.63643 0.659779 0.634505 1.93   12.999 0.81 11.4166 590.355 995.83  1.75191e+48  3.61521e+30  1.25467e+32  10.8  0.178704
0.580683 0.636533 0.659789 0.634505 1.93  13.1111  0.8 11.4166  602.04 983.601  1.79705e+48  3.78175e+30  1.25199e+32  10.8  0.178704
0.579817 0.636606 0.659766 0.634505 1.93  13.2276 0.79 11.4166 613.074 971.053  1.84017e+48  3.94347e+30  1.24923e+32  10.8  0.178704
0.578977 0.636727 0.659801 0.634505 1.93  13.3479 0.78 11.4166 623.457 958.391  1.88194e+48  4.10129e+30  1.24674e+32  10.8  0.178704
0.578155 0.636807 0.659792 0.634505 1.93  13.4729 0.77 11.4166 633.187 945.442  1.92164e+48  4.25316e+30  1.24415e+32  10.8  0.178704
0.577355 0.63688 0.65978 0.634505 1.93  13.6026 0.76 11.4166 642.303 932.269  1.95957e+48  4.39957e+30  1.24163e+32  10.8  0.178704
0.576601 0.636965 0.659782 0.634505 1.93  13.7375 0.75 11.4166  650.84 918.819  1.99558e+48  4.53997e+30  1.23923e+32  10.8  0.178704
0.57587 0.637061 0.659803 0.634505 1.93  13.8775 0.74 11.4166 658.763 905.195  2.0299e+48  4.67426e+30  1.237e+32  10.8  0.178704
0.575172 0.637125 0.659791 0.634505 1.93  14.0232 0.73 11.4166 666.087 891.291  2.06201e+48  4.80097e+30  1.23475e+32  10.8  0.178704
0.574518 0.637178 0.659771 0.634505 1.93  14.1754 0.72 11.4166 672.838 877.071  2.09182e+48  4.91976e+30  1.23258e+32  10.8  0.178704
0.573903 0.637255 0.659783 0.634505 1.93  14.3331 0.71 11.4166 679.001 862.719  2.11988e+48  5.03141e+30  1.23067e+32  10.8  0.178704
0.573331 0.637307 0.659774 0.634505 1.93  14.4981  0.7 11.4166 684.573 848.062  2.14546e+48  5.13392e+30  1.22881e+32  10.8  0.178704
0.572822 0.637384 0.659795 0.634505 1.93  14.6701 0.69 11.4166  689.59 833.18  2.16879e+48  5.22778e+30  1.22721e+32  10.8  0.178704
0.572352 0.637431 0.659792 0.634505 1.93  14.8497 0.68 11.4166     694 818.049  2.18959e+48  5.31167e+30  1.22569e+32  10.8  0.178704
0.571947 0.637473 0.659788 0.634505 1.93  15.0375 0.67 11.4166 697.829 802.661  2.20769e+48  5.38512e+30  1.22434e+32  10.8  0.178704
0.571587 0.637495 0.659771 0.634505 1.93  15.2336 0.66 11.4166 701.051 787.055  2.22316e+48  5.44789e+30  1.22314e+32  10.8  0.178704
0.571299 0.63753 0.659774 0.634505 1.93  15.4387 0.65 11.4166 703.693 771.245  2.23595e+48  5.49988e+30  1.2222e+32  10.8  0.178704
0.571065 0.637538 0.659757 0.634505 1.93  15.6532 0.64 11.4166 705.733 755.23  2.24587e+48  5.5403e+30  1.22141e+32  10.8  0.178704
0.570912 0.63757 0.659771 0.634505 1.93   15.878 0.63 11.4166 707.176 739.017  2.25294e+48  5.56911e+30  1.22092e+32  10.8  0.178704
0.570817 0.637599 0.659793 0.634505 1.93   16.113 0.62 11.4166 708.023 722.656  2.25726e+48  5.58648e+30  1.22069e+32  10.8  0.178704
    0.7 0.911376 0.96954 0.911376 1.93  11.4285    1 11.4285       0 1432.8  0  0  2.69504e+32  10.8  0.178704
0.698294 0.911627 0.969559 0.911376 1.93  11.4849 0.99 11.4285 168.765 1418.83  7.68651e+47  4.5344e+29  2.68862e+32  10.8  0.178704
0.696601 0.911875 0.969561 0.911376 1.93  11.5432 0.98 11.4285 239.446 1408.12  1.09756e+48  9.18636e+29  2.68211e+32  10.8  0.178704
0.694857 0.912062 0.969487 0.911376 1.93  11.6029 0.97 11.4285 293.457 1397.67  1.35349e+48  1.38838e+30  2.67503e+32  10.8  0.178704
0.693145 0.912338 0.96953 0.911376 1.93  11.6635 0.96 11.4285 337.684 1387.63  1.56781e+48  1.8506e+30  2.66865e+32  10.8  0.178704
 0.6914 0.912572 0.969528 0.911376 1.93  11.7256 0.95 11.4285 376.376 1377.6  1.75903e+48  2.31422e+30  2.66198e+32  10.8  0.178704
0.68965 0.912822 0.96954 0.911376 1.93  11.7894 0.94 11.4285 411.063 1367.52  1.93394e+48  2.77881e+30  2.65527e+32  10.8  0.178704
0.687899 0.91306 0.969534 0.911376 1.93  11.8549 0.93 11.4285 442.564 1357.35  2.09606e+48  3.24256e+30  2.64842e+32  10.8  0.178704
0.686129 0.913295 0.969526 0.911376 1.93  11.9221 0.92 11.4285 471.625 1347.04  2.24867e+48  3.70707e+30  2.64148e+32  10.8  0.178704
0.684382 0.913569 0.969557 0.911376 1.93   11.991 0.91 11.4285 498.462 1336.68  2.39284e+48  4.16921e+30  2.6347e+32  10.8  0.178704
0.682605 0.913793 0.969536 0.911376 1.93  12.0618  0.9 11.4285 523.528 1326.16  2.53025e+48  4.63033e+30  2.62761e+32  10.8  0.178704
0.680841 0.91405 0.969548 0.911376 1.93  12.1346 0.89 11.4285 547.073 1315.49  2.66215e+48  5.0908e+30  2.62063e+32  10.8  0.178704
0.679075  0.9143 0.969548 0.911376 1.93  12.2095 0.88 11.4285 569.258 1304.61  2.78905e+48  5.54975e+30  2.61352e+32  10.8  0.178704
0.677303 0.914525 0.969517 0.911376 1.93  12.2866 0.87 11.4285 590.295 1293.49  2.91165e+48  6.00782e+30  2.60622e+32  10.8  0.178704
0.675553 0.914798 0.96954 0.911376 1.93  12.3659 0.86 11.4285 610.138 1282.25  3.03029e+48  6.4628e+30  2.59916e+32  10.8  0.178704
0.673793 0.915052 0.969545 0.911376 1.93  12.4477 0.85 11.4285 628.972 1270.79  3.14538e+48  6.91533e+30  2.59198e+32  10.8  0.178704
0.672029 0.915282 0.969525 0.911376 1.93  12.5318 0.84 11.4285  646.78 1259.13  3.25673e+48  7.36286e+30  2.58467e+32  10.8  0.178704
0.670285 0.91554 0.969535 0.911376 1.93  12.6186 0.83 11.4285 663.746 1247.25  3.36529e+48  7.80787e+30  2.5775e+32  10.8  0.178704
0.668552 0.915803 0.969554 0.911376 1.93   12.708 0.82 11.4285 679.832 1235.2  3.47083e+48  8.24789e+30  2.57038e+32  10.8  0.178704
0.666821 0.916026 0.969527 0.911376 1.93  12.8007 0.81 11.4285 695.157 1222.81  3.57333e+48  8.68288e+30  2.56301e+32  10.8  0.178704
0.665125 0.916279 0.969529 0.911376 1.93  12.8965  0.8 11.4285 709.797 1210.13  3.67326e+48  9.1137e+30  2.55581e+32  10.8  0.178704
0.663439 0.916528 0.969533 0.911376 1.93  12.9955 0.79 11.4285 723.649 1197.23  3.77042e+48  9.53731e+30  2.54866e+32  10.8  0.178704
0.661774 0.916786 0.969554 0.911376 1.93  13.0978 0.78 11.4285 736.795 1184.11  3.86504e+48  9.95425e+30  2.54165e+32  10.8  0.178704
0.660125 0.917004 0.969532 0.911376 1.93  13.2038 0.77 11.4285 749.244 1170.68  3.95658e+48  1.03622e+31  2.5345e+32  10.8  0.178704
0.658517 0.917257 0.969552 0.911376 1.93  13.3139 0.76 11.4285 761.065 1156.93  4.04566e+48  1.07627e+31  2.52761e+32  10.8  0.178704
0.656941 0.91746 0.969516 0.911376 1.93  13.4283 0.75 11.4285 772.266 1142.81  4.13134e+48  1.11524e+31  2.52057e+32  10.8  0.178704
0.655405 0.917702 0.969533 0.911376 1.93  13.5471 0.74 11.4285 782.808 1128.42  4.21448e+48  1.15321e+31  2.51391e+32  10.8  0.178704
0.653902 0.917922 0.969536 0.911376 1.93  13.6703 0.73 11.4285 792.699 1113.75  4.29451e+48  1.18996e+31  2.50734e+32  10.8  0.178704
0.652455 0.918146 0.969548 0.911376 1.93   13.799 0.72 11.4285  801.99 1098.68  4.37123e+48  1.22541e+31  2.50097e+32  10.8  0.178704
0.651068 0.918324 0.969511 0.911376 1.93  13.9331 0.71 11.4285 810.672 1083.2  4.44384e+48  1.25925e+31  2.4946e+32  10.8  0.178704
0.64974 0.918554 0.969549 0.911376 1.93  14.0728  0.7 11.4285 818.714 1067.45  4.51357e+48  1.2917e+31  2.48882e+32  10.8  0.178704
0.648482 0.918752 0.969561 0.911376 1.93  14.2188 0.69 11.4285 826.138 1051.29  4.57905e+48  1.32232e+31  2.48319e+32  10.8  0.178704
0.647295 0.918911 0.969538 0.911376 1.93  14.3716 0.68 11.4285 832.928 1034.69  4.63979e+48  1.35087e+31  2.47772e+32  10.8  0.178704
0.646202 0.919102 0.969567 0.911376 1.93  14.5315 0.67 11.4285 839.099 1017.74  4.69642e+48  1.37749e+31  2.47285e+32  10.8  0.178704
0.64519 0.91924 0.969554 0.911376 1.93  14.6992 0.66 11.4285 844.601 1000.35  4.74768e+48  1.40166e+31  2.46819e+32  10.8  0.178704
 0.6443 0.919383 0.969559 0.911376 1.93  14.8755 0.65 11.4285 849.468 982.509  4.79336e+48  1.4233e+31  2.46408e+32  10.8  0.178704
0.643499 0.919494 0.969549 0.911376 1.93  15.0603 0.64 11.4285 853.629 964.299  4.83355e+48  1.44226e+31  2.46038e+32  10.8  0.178704
0.642833 0.919587 0.969539 0.911376 1.93  15.2552 0.63 11.4285 857.108 945.607  4.86709e+48  1.45819e+31  2.45724e+32  10.8  0.178704
0.642287 0.919679 0.969551 0.911376 1.93  15.4598 0.62 11.4285 859.879 926.585  4.89475e+48  1.47121e+31  2.45477e+32  10.8  0.178704
0.641888 0.919706 0.969511 0.911376 1.93  15.6764 0.61 11.4285 861.904 907.023  4.91418e+48  1.48053e+31  2.45275e+32  10.8  0.178704
0.641623 0.919748 0.969516 0.911376 1.93  15.9039  0.6 11.4285 863.191 887.19  4.92744e+48  1.48675e+31  2.45156e+32  10.8  0.178704
0.64153 0.919772 0.969525 0.911376 1.93  16.1448 0.59 11.4285 863.713 866.899  4.93245e+48  1.48916e+31  2.45114e+32  10.8  0.178704
    0.8 1.13982 1.23596 1.13982 1.93  11.5003    1 11.5003       0 1587.37  0  0  4.31017e+32  10.8  0.178704
0.797446 1.14022 1.23595 1.13982 1.93  11.5543 0.99 11.5003 185.549 1570.45  1.18067e+48  7.6577e+29  4.2978e+32  10.8  0.178704
0.794915 1.14063 1.23596 1.13982 1.93  11.6095 0.98 11.5003 262.627 1558.68  1.68234e+48  1.54441e+30  4.28565e+32  10.8  0.178704
0.792353 1.14104 1.23596 1.13982 1.93  11.6658 0.97 11.5003  321.23 1547.67  2.07161e+48  2.32613e+30  4.27344e+32  10.8  0.178704
0.789756 1.14142 1.23595 1.13982 1.93  11.7234 0.96 11.5003 369.925   1537  2.40193e+48  3.10586e+30  4.26104e+32  10.8  0.178704
0.787179 1.14183 1.23597 1.13982 1.93  11.7822 0.95 11.5003  412.28 1526.51  2.69542e+48  3.88442e+30  4.24877e+32  10.8  0.178704
0.78457 1.14224 1.23596 1.13982 1.93  11.8426 0.94 11.5003 450.368 1515.98  2.96479e+48  4.66734e+30  4.23611e+32  10.8  0.178704
0.781956 1.14265 1.23597 1.13982 1.93  11.9044 0.93 11.5003 484.984 1505.45  3.21492e+48  5.45012e+30  4.22344e+32  10.8  0.178704
0.779319 1.14306 1.23595 1.13982 1.93  11.9678 0.92 11.5003 516.917 1494.8  3.45053e+48  6.2347e+30  4.21051e+32  10.8  0.178704
0.776681 1.14348 1.23595 1.13982 1.93  12.0329 0.91 11.5003 546.629 1484.01  3.67451e+48  7.02102e+30  4.19747e+32  10.8  0.178704
0.774039 1.14392 1.23597 1.13982 1.93  12.0995  0.9 11.5003 574.272 1473.18  3.88788e+48  7.8044e+30  4.18451e+32  10.8  0.178704
0.771371 1.14432 1.23595 1.13982 1.93  12.1679 0.89 11.5003 600.214 1462.2  4.09257e+48  8.5864e+30  4.17119e+32  10.8  0.178704
0.768701 1.14475 1.23596 1.13982 1.93  12.2382 0.88 11.5003 624.634 1451.1  4.28991e+48  9.36661e+30  4.158e+32  10.8  0.178704
0.766019 1.14516 1.23594 1.13982 1.93  12.3103 0.87 11.5003 647.716 1439.82  4.48071e+48  1.01447e+31  4.1445e+32  10.8  0.178704
0.763339 1.14558 1.23593 1.13982 1.93  12.3845 0.86 11.5003 669.618 1428.35  4.66595e+48  1.09213e+31  4.13097e+32  10.8  0.178704
0.760675 1.14603 1.23596 1.13982 1.93  12.4607 0.85 11.5003 690.394 1416.72  4.84622e+48  1.16952e+31  4.11762e+32  10.8  0.178704
0.757987 1.14646 1.23595 1.13982 1.93  12.5393 0.84 11.5003 710.144 1404.86  5.02163e+48  1.24652e+31  4.10398e+32  10.8  0.178704
0.75531 1.14688 1.23595 1.13982 1.93    12.62 0.83 11.5003 728.909 1392.83  5.19254e+48  1.32301e+31  4.09035e+32  10.8  0.178704
0.752648 1.14732 1.23595 1.13982 1.93  12.7034 0.82 11.5003 746.872 1380.5  5.3598e+48  1.39928e+31  4.07666e+32  10.8  0.178704
0.750002 1.14776 1.23596 1.13982 1.93  12.7893 0.81 11.5003 763.982 1367.89  5.52296e+48  1.4749e+31  4.06293e+32  10.8  0.178704
0.747352 1.14819 1.23595 1.13982 1.93   12.878  0.8 11.5003 780.246 1355.08  5.68242e+48  1.54979e+31  4.04912e+32  10.8  0.178704
0.744726 1.14863 1.23596 1.13982 1.93  12.9693 0.79 11.5003 795.706 1342.05  5.83827e+48  1.62385e+31  4.03549e+32  10.8  0.178704
0.742101 1.14903 1.23593 1.13982 1.93  13.0639 0.78 11.5003 810.454 1328.69  5.99041e+48  1.69704e+31  4.02165e+32  10.8  0.178704
0.739533 1.14951   1.236 1.13982 1.93  13.1615 0.77 11.5003 824.474 1315.13  6.13975e+48  1.76944e+31  4.00843e+32  10.8  0.178704
0.736965  1.1499 1.23596 1.13982 1.93  13.2628 0.76 11.5003 837.819 1301.16  6.28471e+48  1.84053e+31  3.99457e+32  10.8  0.178704
0.734446  1.1503 1.23592 1.13982 1.93  13.3678 0.75 11.5003 850.535 1286.81  6.42582e+48  1.91042e+31  3.98089e+32  10.8  0.178704
0.731965 1.15072 1.23593 1.13982 1.93  13.4764 0.74 11.5003 862.536 1272.25  6.56373e+48  1.97896e+31  3.96767e+32  10.8  0.178704
0.72954 1.15116 1.23597 1.13982 1.93  13.5893 0.73 11.5003 873.898 1257.32  6.69799e+48  2.04604e+31  3.95477e+32  10.8  0.178704
0.727157 1.15154 1.23596 1.13982 1.93  13.7065 0.72 11.5003 884.611   1242  6.82763e+48  2.11121e+31  3.94176e+32  10.8  0.178704
0.72484 1.15194 1.23596 1.13982 1.93  13.8286 0.71 11.5003 894.684 1226.31  6.95296e+48  2.17444e+31  3.92913e+32  10.8  0.178704
0.722605 1.15231 1.23595 1.13982 1.93  13.9557  0.7 11.5003 904.162 1210.17  7.07322e+48  2.23549e+31  3.91676e+32  10.8  0.178704
0.720448 1.15267 1.23594 1.13982 1.93  14.0884 0.69 11.5003 912.977 1193.63  7.1886e+48  2.2941e+31  3.9048e+32  10.8  0.178704
0.718376 1.15304 1.23596 1.13982 1.93  14.2268 0.68 11.5003 921.154 1176.68  7.29881e+48  2.35014e+31  3.89344e+32  10.8  0.178704
0.716406 1.15336 1.23594 1.13982 1.93  14.3717 0.67 11.5003 928.682 1159.24  7.40232e+48  2.40294e+31  3.88236e+32  10.8  0.178704
0.714579 1.15369 1.23595 1.13982 1.93  14.5237 0.66 11.5003 935.599 1141.27  7.49924e+48  2.45254e+31  3.87208e+32  10.8  0.178704
0.712856 1.15398 1.23594 1.13982 1.93  14.6827 0.65 11.5003 941.805 1122.89  7.58911e+48  2.49839e+31  3.86238e+32  10.8  0.178704
0.711292 1.15424 1.23594 1.13982 1.93  14.8501 0.64 11.5003 947.356 1103.94  7.67084e+48  2.54018e+31  3.85353e+32  10.8  0.178704
0.709905 1.15449 1.23594 1.13982 1.93  15.0263 0.63 11.5003 952.215 1084.43  7.74339e+48  2.57736e+31  3.8456e+32  10.8  0.178704
0.708688 1.15472 1.23597 1.13982 1.93  15.2119 0.62 11.5003 956.347 1064.44  7.80727e+48  2.6099e+31  3.83884e+32  10.8  0.178704
0.707692 1.15488 1.23595 1.13982 1.93  15.4082 0.61 11.5003 959.736 1043.78  7.85901e+48  2.6365e+31  3.83297e+32  10.8  0.178704
0.706895 1.15506   1.236 1.13982 1.93  15.6153  0.6 11.5003  962.35 1022.67  7.90109e+48  2.65784e+31  3.82867e+32  10.8  0.178704
0.706362 1.15515 1.23598 1.13982 1.93  15.8353 0.59 11.5003 964.157 1000.86  7.92891e+48  2.6722e+31  3.82549e+32  10.8  0.178704
0.706041 1.15516 1.23594 1.13982 1.93  16.0679 0.58 11.5003 965.088 978.557  7.94414e+48  2.67992e+31  3.8235e+32  10.8  0.178704
    0.9 1.32735 1.46277 1.32735 1.93   11.532    1 11.532       0 1705.94  0  0  6.05275e+32  10.8  0.178704
0.896406  1.3279  1.4628 1.32735 1.93  11.5844 0.99 11.532 199.071 1686.08  1.58457e+48  1.10263e+30  6.03275e+32  10.8  0.178704
0.893028 1.32845 1.46276 1.32735 1.93  11.6383 0.98 11.532  281.12 1673.25  2.25328e+48  2.2142e+30  6.01306e+32  10.8  0.178704
0.889597 1.32904 1.46279 1.32735 1.93  11.6934 0.97 11.532 343.972 1661.39  2.77621e+48  3.33798e+30  5.99353e+32  10.8  0.178704
0.88613 1.32962 1.46278 1.32735 1.93  11.7495 0.96 11.532 396.265 1649.97  3.22054e+48  4.4609e+30  5.97347e+32  10.8  0.178704
0.882637 1.33019 1.46275 1.32735 1.93  11.8071 0.95 11.532 442.035 1638.71  3.61772e+48  5.58985e+30  5.95306e+32  10.8  0.178704
0.879127  1.3308 1.46277 1.32735 1.93   11.866 0.94 11.532 483.058 1627.54  3.98154e+48  6.72294e+30  5.9328e+32  10.8  0.178704
0.875601  1.3314 1.46277 1.32735 1.93  11.9262 0.93 11.532 520.162 1616.41  4.31817e+48  7.85139e+30  5.91226e+32  10.8  0.178704
0.872034 1.33199 1.46277 1.32735 1.93  11.9879 0.92 11.532 554.294 1605.29  4.635e+48  8.98045e+30  5.89151e+32  10.8  0.178704
0.868452 1.33257 1.46275 1.32735 1.93   12.051 0.91 11.532 585.874 1594.14  4.93498e+48  1.01065e+31  5.8705e+32  10.8  0.178704
0.864865  1.3332 1.46278 1.32735 1.93  12.1158  0.9 11.532  615.44 1582.91  5.22252e+48  1.1235e+31  5.8496e+32  10.8  0.178704
0.861248 1.33381 1.46279 1.32735 1.93  12.1824 0.89 11.532 643.232 1571.51  5.49903e+48  1.23641e+31  5.82834e+32  10.8  0.178704
0.857611 1.33439 1.46275 1.32735 1.93  12.2505 0.88 11.532 669.346   1560  5.76514e+48  1.34887e+31  5.80663e+32  10.8  0.178704
0.853977 1.33502 1.46277 1.32735 1.93  12.3205 0.87 11.532 694.094 1548.36  6.02364e+48  1.46146e+31  5.7852e+32  10.8  0.178704
0.850351 1.33565 1.46278 1.32735 1.93  12.3922 0.86 11.532 717.489 1536.55  6.27413e+48  1.57354e+31  5.76358e+32  10.8  0.178704
0.846679 1.33625 1.46274 1.32735 1.93  12.4662 0.85 11.532 739.736 1524.51  6.51798e+48  1.68538e+31  5.7414e+32  10.8  0.178704
0.843036 1.33689 1.46276 1.32735 1.93   12.542 0.84 11.532 760.848 1512.35  6.75582e+48  1.79674e+31  5.7196e+32  10.8  0.178704
0.839382 1.33753 1.46277 1.32735 1.93    12.62 0.83 11.532 780.984 1499.96  6.98844e+48  1.90779e+31  5.69759e+32  10.8  0.178704
0.835734 1.33818  1.4628 1.32735 1.93  12.7004 0.82 11.532 800.148 1487.35  7.21592e+48  2.01823e+31  5.6757e+32  10.8  0.178704
0.832095 1.33882  1.4628 1.32735 1.93   12.783 0.81 11.532 818.443 1474.48  7.43838e+48  2.12802e+31  5.65351e+32  10.8  0.178704
0.828454 1.33945 1.46279 1.32735 1.93  12.8682  0.8 11.532 835.846 1461.39  7.65616e+48  2.2369e+31  5.63124e+32  10.8  0.178704
 0.8248 1.34004 1.46275 1.32735 1.93  12.9561 0.79 11.532 852.399 1448.04  7.86904e+48  2.34462e+31  5.60865e+32  10.8  0.178704
0.821198 1.34068 1.46275 1.32735 1.93  13.0467 0.78 11.532 868.209 1434.41  8.07804e+48  2.45154e+31  5.5864e+32  10.8  0.178704
0.817615  1.3413 1.46275 1.32735 1.93  13.1403 0.77 11.532 883.266 1420.52  8.2828e+48  2.55727e+31  5.56423e+32  10.8  0.178704
0.814062 1.34196 1.46279 1.32735 1.93   13.237 0.76 11.532 897.571 1406.35  8.48354e+48  2.66167e+31  5.54237e+32  10.8  0.178704
0.810527 1.34255 1.46276 1.32735 1.93   13.337 0.75 11.532  911.17 1391.84  8.67947e+48  2.7644e+31  5.52019e+32  10.8  0.178704
0.807068  1.3432 1.46279 1.32735 1.93  13.4406 0.74 11.532 924.138 1376.97  8.87148e+48  2.86577e+31  5.49859e+32  10.8  0.178704
0.803646 1.34381 1.46278 1.32735 1.93   13.548 0.73 11.532 936.406 1361.75  9.0585e+48  2.96503e+31  5.47691e+32  10.8  0.178704
0.800272 1.34441 1.46278 1.32735 1.93  13.6593 0.72 11.532  947.98 1346.21  9.24089e+48  3.06212e+31  5.45555e+32  10.8  0.178704
0.796961 1.34498 1.46276 1.32735 1.93   13.775 0.71 11.532 958.901 1330.24  9.41781e+48  3.15669e+31  5.43438e+32  10.8  0.178704
0.79373 1.34554 1.46274 1.32735 1.93  13.8952  0.7 11.532  969.17 1313.9  9.58953e+48  3.24867e+31  5.41364e+32  10.8  0.178704
0.790631 1.34615 1.46278 1.32735 1.93  14.0205 0.69 11.532 978.844 1297.09  9.75548e+48  3.33788e+31  5.39385e+32  10.8  0.178704
0.787607 1.34669 1.46277 1.32735 1.93  14.1511 0.68 11.532 987.839 1279.83  9.91464e+48  3.42351e+31  5.3743e+32  10.8  0.178704
0.784709  1.3472 1.46275 1.32735 1.93  14.2874 0.67 11.532 996.183 1262.1  1.00666e+49  3.50533e+31  5.35535e+32  10.8  0.178704
0.781937 1.34772 1.46277 1.32735 1.93  14.4298 0.66 11.532 1003.86 1243.92  1.02114e+49  3.58316e+31  5.33745e+32  10.8  0.178704
0.779362 1.34821 1.46278 1.32735 1.93  14.5793 0.65 11.532 1010.93 1225.11  1.03466e+49  3.65618e+31  5.32058e+32  10.8  0.178704
0.776938 1.34867 1.46279 1.32735 1.93   14.736 0.64 11.532 1017.28 1205.82  1.04727e+49  3.72399e+31  5.30469e+32  10.8  0.178704
0.774706 1.34908  1.4628 1.32735 1.93  14.9005 0.63 11.532 1022.94 1185.95  1.05881e+49  3.78596e+31  5.29003e+32  10.8  0.178704
0.772734 1.34943 1.46276 1.32735 1.93  15.0742 0.62 11.532  1027.9 1165.38  1.06899e+49  3.84091e+31  5.27669e+32  10.8  0.178704
0.770984 1.34974 1.46275 1.32735 1.93  15.2571 0.61 11.532 1032.11 1144.25  1.07796e+49  3.88897e+31  5.26505e+32  10.8  0.178704
0.769557    1.35 1.46274 1.32735 1.93  15.4508  0.6 11.532 1035.56 1122.4  1.08534e+49  3.92869e+31  5.25541e+32  10.8  0.178704
0.768426 1.35024 1.46278 1.32735 1.93  15.6556 0.59 11.532 1038.21 1099.96  1.09123e+49  3.96016e+31  5.24809e+32  10.8  0.178704
0.767655 1.35035 1.46273 1.32735 1.93  15.8734 0.58 11.532 1040.01 1076.73  1.09512e+49  3.98114e+31  5.2426e+32  10.8  0.178704
0.767253 1.35048  1.4628 1.32735 1.93  16.1042 0.57 11.532 1040.95 1052.94  1.09735e+49  3.99283e+31  5.24032e+32  10.8  0.178704
      1 1.48192 1.65596 1.48192 1.93  11.5211    1 11.5211       0 1805.09  0  0  7.8664e+32  10.8  0.178704
0.99541 1.48268 1.65597 1.48192 1.93  11.5735 0.99 11.5211 211.832 1782.06  1.97356e+48  1.46134e+30  7.83623e+32  10.8  0.178704
0.99096 1.48341 1.65597 1.48192 1.93  11.6266 0.98 11.5211 299.075 1767.95  2.8062e+48  2.93364e+30  7.80732e+32  10.8  0.178704
 0.9865 1.48413 1.65596 1.48192 1.93  11.6808 0.97 11.5211 364.956 1755.2  3.44883e+48  4.39967e+30  7.77805e+32  10.8  0.178704
0.982034 1.48489 1.65596 1.48192 1.93  11.7364 0.96 11.5211 420.269 1742.99  4.00024e+48  5.87655e+30  7.74861e+32  10.8  0.178704
0.977496 1.48563 1.65593 1.48192 1.93  11.7934 0.95 11.5211  468.76 1730.99  4.49405e+48  7.36371e+30  7.71842e+32  10.8  0.178704
0.973004 1.48643 1.65597 1.48192 1.93  11.8516 0.94 11.5211 511.855 1719.23  4.94329e+48  8.84447e+30  7.68867e+32  10.8  0.178704
0.968455 1.48721 1.65595 1.48192 1.93  11.9112 0.93 11.5211 551.157 1707.49  5.36216e+48  1.03305e+31  7.65819e+32  10.8  0.178704
0.963905   1.488 1.65596 1.48192 1.93   11.972 0.92 11.5211 587.242 1695.77  5.75583e+48  1.1815e+31  7.62769e+32  10.8  0.178704
0.959323 1.48882 1.65599 1.48192 1.93  12.0345 0.91 11.5211 620.693 1684.03  6.12974e+48  1.32993e+31  7.59707e+32  10.8  0.178704
0.954684 1.48959 1.65596 1.48192 1.93  12.0985  0.9 11.5211 651.925 1672.22  6.48712e+48  1.47828e+31  7.56567e+32  10.8  0.178704
0.950064 1.49039 1.65597 1.48192 1.93  12.1641 0.89 11.5211 681.164 1660.36  6.8303e+48  1.6263e+31  7.53445e+32  10.8  0.178704
0.94541  1.4912 1.65597 1.48192 1.93  12.2314 0.88 11.5211 708.783 1648.36  7.16236e+48  1.77451e+31  7.50289e+32  10.8  0.178704
0.940763 1.49204 1.65599 1.48192 1.93  12.3004 0.87 11.5211 734.818 1636.23  7.4835e+48  1.92218e+31  7.47134e+32  10.8  0.178704
0.936086 1.49283 1.65596 1.48192 1.93  12.3712 0.86 11.5211 759.525 1623.91  7.79569e+48  2.06969e+31  7.4391e+32  10.8  0.178704
0.931426 1.49367 1.65596 1.48192 1.93  12.4438 0.85 11.5211 782.999 1611.4  8.10003e+48  2.21695e+31  7.40705e+32  10.8  0.178704
0.926729 1.49448 1.65595 1.48192 1.93  12.5184 0.84 11.5211 805.216 1598.77  8.39647e+48  2.36329e+31  7.37465e+32  10.8  0.178704
0.922033 1.49533 1.65597 1.48192 1.93  12.5952 0.83 11.5211 826.326 1585.96  8.68617e+48  2.50893e+31  7.34241e+32  10.8  0.178704
0.917343 1.49616 1.65598 1.48192 1.93   12.674 0.82 11.5211 846.422 1572.96  8.96974e+48  2.65384e+31  7.31e+32  10.8  0.178704
0.912645 1.49698 1.65596 1.48192 1.93  12.7551 0.81 11.5211 865.589 1559.71  9.24743e+48  2.79796e+31  7.27724e+32  10.8  0.178704
0.907957 1.49781 1.65596 1.48192 1.93  12.8387  0.8 11.5211 883.822 1546.22  9.51945e+48  2.94093e+31  7.24452e+32  10.8  0.178704
0.903302 1.49867 1.65599 1.48192 1.93  12.9247 0.79 11.5211 901.233 1532.5  9.78698e+48  3.08314e+31  7.21212e+32  10.8  0.178704
0.898657 1.49951 1.65598 1.48192 1.93  13.0133 0.78 11.5211 917.783 1518.53  1.00488e+49  3.22377e+31  7.17945e+32  10.8  0.178704
0.894016 1.50032 1.65596 1.48192 1.93  13.1049 0.77 11.5211 933.562 1504.22  1.03057e+49  3.36301e+31  7.14656e+32  10.8  0.178704
0.889436 1.50117 1.65598 1.48192 1.93  13.1993 0.76 11.5211 948.581 1489.67  1.05581e+49  3.50081e+31  7.11429e+32  10.8  0.178704
0.88489   1.502 1.65598 1.48192 1.93  13.2968 0.75 11.5211 962.881 1474.77  1.08054e+49  3.63681e+31  7.08192e+32  10.8  0.178704
0.880369 1.50282 1.65597 1.48192 1.93  13.3977 0.74 11.5211 976.401 1459.57  1.10474e+49  3.77047e+31  7.04968e+32  10.8  0.178704
0.875907 1.50363 1.65597 1.48192 1.93   13.502 0.73 11.5211 989.229 1444.05  1.12844e+49  3.90197e+31  7.01774e+32  10.8  0.178704
0.871512 1.50442 1.65594 1.48192 1.93  13.6102 0.72 11.5211 1001.37 1428.12  1.15155e+49  4.03075e+31  6.98596e+32  10.8  0.178704
0.867213 1.50525 1.65598 1.48192 1.93  13.7223 0.71 11.5211 1012.85 1411.87  1.17419e+49  4.15708e+31  6.95519e+32  10.8  0.178704
0.862975 1.50602 1.65596 1.48192 1.93  13.8387  0.7 11.5211 1023.63 1395.18  1.19613e+49  4.27986e+31  6.92443e+32  10.8  0.178704
0.858867 1.50677 1.65594 1.48192 1.93  13.9597 0.69 11.5211 1033.79 1378.04  1.21738e+49  4.39913e+31  6.89439e+32  10.8  0.178704
0.854876 1.50755 1.65598 1.48192 1.93  14.0857 0.68 11.5211 1043.26 1360.49  1.238e+49  4.51465e+31  6.86546e+32  10.8  0.178704
0.85101 1.50826 1.65595 1.48192 1.93  14.2169 0.67 11.5211 1052.06 1342.45  1.25774e+49  4.62532e+31  6.83697e+32  10.8  0.178704
0.847301 1.50895 1.65595 1.48192 1.93  14.3539 0.66 11.5211 1060.21 1323.92  1.27664e+49  4.73116e+31  6.80968e+32  10.8  0.178704
0.843813 1.50964 1.65597 1.48192 1.93  14.4971 0.65 11.5211 1067.72 1304.83  1.29451e+49  4.83141e+31  6.78396e+32  10.8  0.178704
 0.8405 1.51028 1.65599 1.48192 1.93  14.6471 0.64 11.5211 1074.53 1285.2  1.31135e+49  4.92547e+31  6.75954e+32  10.8  0.178704
0.837418 1.51087 1.65598 1.48192 1.93  14.8043 0.63 11.5211 1080.64   1265  1.32691e+49  5.01223e+31  6.7366e+32  10.8  0.178704
0.834649 1.51139 1.65597 1.48192 1.93    14.97 0.62 11.5211 1086.09 1244.06  1.34096e+49  5.09086e+31  6.7157e+32  10.8  0.178704
0.832143 1.51186 1.65595 1.48192 1.93  15.1441 0.61 11.5211 1090.77 1222.56  1.35354e+49  5.16075e+31  6.69687e+32  10.8  0.178704
0.829997 1.51228 1.65595 1.48192 1.93  15.3282  0.6 11.5211 1094.71 1200.33  1.36435e+49  5.22075e+31  6.68075e+32  10.8  0.178704
0.82826 1.51264 1.65599 1.48192 1.93  15.5228 0.59 11.5211 1097.88 1177.39  1.37322e+49  5.26995e+31  6.66784e+32  10.8  0.178704
0.82694 1.51288 1.65596 1.48192 1.93  15.7292 0.58 11.5211 1100.21 1153.69  1.37984e+49  5.30656e+31  6.65772e+32  10.8  0.178704
0.826113 1.51304 1.65597 1.48192 1.93  15.9486 0.57 11.5211  1101.7 1129.19  1.38403e+49  5.32985e+31  6.65151e+32  10.8  0.178704
0.825806  1.5131 1.65596 1.48192 1.93  16.1822 0.56 11.5211 1102.24 1103.93  1.38554e+49  5.33829e+31  6.64911e+32  10.8  0.178704
    1.1 1.60692 1.81696 1.60692 1.93  11.4779    1 11.4779       0 1890.32  0  0  9.67023e+32  10.8  0.178704
1.09376 1.60776 1.81696 1.60692 1.93  11.5301 0.99 11.4779 221.601 1864.36  2.30952e+48  1.78896e+30  9.62705e+32  10.8  0.178704
1.08827 1.60871 1.81695 1.60692 1.93  11.5834 0.98 11.4779 312.695 1849.11  3.28278e+48  3.58816e+30  9.58764e+32  10.8  0.178704
1.08255 1.60967 1.81696 1.60692 1.93   11.638 0.97 11.4779 383.339 1835.17  4.05355e+48  5.43159e+30  9.547e+32  10.8  0.178704
1.07686 1.61064 1.81698 1.60692 1.93  11.6934 0.96 11.4779 441.615 1822.05  4.70384e+48  7.26113e+30  9.50645e+32  10.8  0.178704
1.07116  1.6116 1.81697 1.60692 1.93  11.7502 0.95 11.4779 492.465 1809.28  5.28416e+48  9.0962e+30  9.46519e+32  10.8  0.178704
1.06537 1.61258 1.81697 1.60692 1.93  11.8083 0.94 11.4779 538.255 1796.61  5.81839e+48  1.09471e+31  9.42337e+32  10.8  0.178704
1.05964 1.61354 1.81696 1.60692 1.93  11.8676 0.93 11.4779 579.265 1784.22  6.30905e+48  1.27747e+31  9.38158e+32  10.8  0.178704
1.05383 1.61453 1.81697 1.60692 1.93  11.9285 0.92 11.4779 617.226 1771.78  6.77399e+48  1.46149e+31  9.3393e+32  10.8  0.178704
1.04801 1.61548 1.81693 1.60692 1.93  11.9907 0.91 11.4779 652.177 1759.4  7.2127e+48  1.64426e+31  9.29636e+32  10.8  0.178704
1.04223 1.61649 1.81698 1.60692 1.93  12.0544  0.9 11.4779 684.741 1747.06  7.63242e+48  1.82683e+31  9.25412e+32  10.8  0.178704
1.03635 1.61747 1.81697 1.60692 1.93  12.1198 0.89 11.4779 715.345 1734.58  8.03654e+48  2.00952e+31  9.21068e+32  10.8  0.178704
1.03054 1.61847 1.81698 1.60692 1.93  12.1868 0.88 11.4779 744.064 1722.06  8.42599e+48  2.19149e+31  9.16748e+32  10.8  0.178704
1.02468 1.61945 1.81695 1.60692 1.93  12.2556 0.87 11.4779 771.313 1709.32  8.80458e+48  2.37382e+31  9.12344e+32  10.8  0.178704
1.01887 1.62047 1.81695 1.60692 1.93  12.3259 0.86 11.4779 796.984 1696.51  9.17119e+48  2.55496e+31  9.07974e+32  10.8  0.178704
1.01302 1.62149 1.81696 1.60692 1.93  12.3982 0.85 11.4779 821.372 1683.52  9.52914e+48  2.73591e+31  9.03575e+32  10.8  0.178704
1.00718  1.6225 1.81695 1.60692 1.93  12.4724 0.84 11.4779 844.438 1670.4  9.8775e+48  2.91557e+31  8.99147e+32  10.8  0.178704
1.00134 1.62352 1.81694 1.60692 1.93  12.5486 0.83 11.4779 866.372 1657.11  1.02183e+49  3.09452e+31  8.94707e+32  10.8  0.178704
0.995531 1.62455 1.81696 1.60692 1.93  12.6268 0.82 11.4779 887.257 1643.61  1.05522e+49  3.27267e+31  8.90276e+32  10.8  0.178704
0.989732  1.6256 1.81698 1.60692 1.93  12.7073 0.81 11.4779 907.138 1629.88  1.08795e+49  3.44976e+31  8.85842e+32  10.8  0.178704
0.983954 1.62664 1.81697 1.60692 1.93  12.7902  0.8 11.4779 926.121 1615.88  1.12006e+49  3.62592e+31  8.81383e+32  10.8  0.178704
0.97819 1.62767 1.81696 1.60692 1.93  12.8753 0.79 11.4779 944.122 1601.69  1.15152e+49  3.80023e+31  8.76921e+32  10.8  0.178704
0.972415 1.62869 1.81695 1.60692 1.93  12.9633 0.78 11.4779 961.251 1587.23  1.18244e+49  3.97306e+31  8.72442e+32  10.8  0.178704
0.96671 1.62973 1.81696 1.60692 1.93  13.0536 0.77 11.4779 977.517 1572.55  1.21278e+49  4.14395e+31  8.68012e+32  10.8  0.178704
0.961019 1.63075 1.81696 1.60692 1.93  13.1471 0.76 11.4779 993.023 1557.53  1.2426e+49  4.3132e+31  8.63566e+32  10.8  0.178704
0.955402 1.63178 1.81696 1.60692 1.93  13.2433 0.75 11.4779 1007.72 1542.25  1.27182e+49  4.47995e+31  8.59158e+32  10.8  0.178704
0.949823 1.63279 1.81695 1.60692 1.93  13.3428 0.74 11.4779 1021.68 1526.64  1.30052e+49  4.64452e+31  8.54761e+32  10.8  0.178704
0.944319  1.6338 1.81694 1.60692 1.93  13.4456 0.73 11.4779 1034.89 1510.68  1.32858e+49  4.8061e+31  8.50402e+32  10.8  0.178704
0.938917 1.63484 1.81698 1.60692 1.93   13.552 0.72 11.4779 1047.44 1494.38  1.35616e+49  4.96533e+31  8.46146e+32  10.8  0.178704
0.933579 1.63582 1.81697 1.60692 1.93  13.6621 0.71 11.4779 1059.22 1477.69  1.38299e+49  5.12054e+31  8.4189e+32  10.8  0.178704
0.928348 1.63681 1.81698 1.60692 1.93  13.7763  0.7 11.4779 1070.33 1460.64  1.40923e+49  5.27238e+31  8.37725e+32  10.8  0.178704
0.923216 1.63773 1.81693 1.60692 1.93  13.8948 0.69 11.4779 1080.72 1443.16  1.43461e+49  5.41947e+31  8.33581e+32  10.8  0.178704
0.918246 1.63868 1.81695 1.60692 1.93  14.0181 0.68 11.4779 1090.47 1425.23  1.4593e+49  5.56244e+31  8.29595e+32  10.8  0.178704
0.913448 1.63961 1.81697 1.60692 1.93  14.1462 0.67 11.4779 1099.54 1406.86  1.48311e+49  5.7002e+31  8.25728e+32  10.8  0.178704
0.908817 1.64049 1.81696 1.60692 1.93  14.2798 0.66 11.4779 1107.94 1387.95  1.5059e+49  5.83205e+31  8.2197e+32  10.8  0.178704
0.904388 1.64132 1.81694 1.60692 1.93  14.4191 0.65 11.4779 1115.65 1368.53  1.52761e+49  5.95732e+31  8.18359e+32  10.8  0.178704
0.900211 1.64214 1.81696 1.60692 1.93  14.5649 0.64 11.4779 1122.69 1348.56  1.54817e+49  6.07558e+31  8.14963e+32  10.8  0.178704
0.896314 1.64291 1.81698 1.60692 1.93  14.7176 0.63 11.4779 1129.07 1327.97  1.56727e+49  6.18546e+31  8.11782e+32  10.8  0.178704
0.892713 1.64358 1.81694 1.60692 1.93  14.8776 0.62 11.4779 1134.71 1306.78  1.58482e+49  6.286e+31  8.08797e+32  10.8  0.178704
0.889456  1.6442 1.81693 1.60692 1.93   15.046 0.61 11.4779 1139.63 1284.9  1.60064e+49  6.37628e+31  8.06113e+32  10.8  0.178704
0.886653 1.64476 1.81694 1.60692 1.93  15.2234  0.6 11.4779 1143.86 1262.31  1.61444e+49  6.4551e+31  8.03795e+32  10.8  0.178704
0.884274 1.64523 1.81695 1.60692 1.93  15.4109 0.59 11.4779 1147.29   1239  1.62608e+49  6.52116e+31  8.01832e+32  10.8  0.178704
0.882438 1.64561 1.81696 1.60692 1.93  15.6094 0.58 11.4779 1149.95 1214.88  1.63513e+49  6.57263e+31  8.00314e+32  10.8  0.178704
0.881152 1.64587 1.81696 1.60692 1.93  15.8199 0.57 11.4779 1151.74 1189.99  1.64144e+49  6.60826e+31  7.99249e+32  10.8  0.178704
0.880518 1.64597 1.81693 1.60692 1.93  16.0441 0.56 11.4779 1152.63 1164.22  1.64446e+49  6.62554e+31  7.98703e+32  10.8  0.178704
    1.2 1.70297 1.94374 1.70297 1.93   11.416    1 11.416       0 1961.82  0  0  1.13358e+33  10.8  0.178704
1.19193 1.70413 1.94373 1.70297 1.93  11.4695 0.99 11.416 233.566 1932.71  2.62714e+48  2.14487e+30  1.12793e+33  10.8  0.178704
1.18402  1.7051 1.94372 1.70297 1.93  11.5224 0.98 11.416 328.773 1915.95  3.72552e+48  4.28145e+30  1.12249e+33  10.8  0.178704
 1.1766  1.7062 1.94375 1.70297 1.93  11.5768 0.97 11.416 400.167 1901.32  4.5693e+48  6.39144e+30  1.11727e+33  10.8  0.178704
1.16882 1.70726 1.94373 1.70297 1.93  11.6332 0.96 11.416 461.282 1887.14  5.30712e+48  8.55725e+30  1.11176e+33  10.8  0.178704
1.16137 1.70835 1.94373 1.70297 1.93  11.6901 0.95 11.416 513.514 1873.72  5.95327e+48  1.0686e+31  1.10638e+33  10.8  0.178704
1.15394 1.70949 1.94374 1.70297 1.93  11.7487 0.94 11.416 560.607 1860.42  6.54946e+48  1.28343e+31  1.10095e+33  10.8  0.178704
1.14645  1.7106 1.94371 1.70297 1.93  11.8085 0.93 11.416 603.455 1847.26  7.10459e+48  1.49862e+31  1.09542e+33  10.8  0.178704
1.13914 1.71176 1.94373 1.70297 1.93  11.8694 0.92 11.416 642.452 1834.33  7.62327e+48  1.71195e+31  1.08999e+33  10.8  0.178704
 1.1317 1.71292 1.94374 1.70297 1.93  11.9322 0.91 11.416 679.039 1821.27  8.12137e+48  1.92767e+31  1.08443e+33  10.8  0.178704
 1.1244 1.71408 1.94375 1.70297 1.93  11.9961  0.9 11.416 712.802 1808.26  8.59318e+48  2.14107e+31  1.07889e+33  10.8  0.178704
 1.1171 1.71526 1.94374 1.70297 1.93  12.0618 0.89 11.416 744.682 1795.09  9.04965e+48  2.35565e+31  1.0733e+33  10.8  0.178704
1.10983 1.71643 1.94373 1.70297 1.93  12.1288 0.88 11.416 774.482 1781.92  9.48819e+48  2.56864e+31  1.06769e+33  10.8  0.178704
1.10259 1.71762 1.94374 1.70297 1.93  12.1975 0.87 11.416 802.538 1768.67  9.91306e+48  2.78088e+31  1.06209e+33  10.8  0.178704
1.09533 1.71881 1.94376 1.70297 1.93  12.2682 0.86 11.416 829.116 1755.26  1.03266e+49  2.99282e+31  1.05643e+33  10.8  0.178704
1.08815 1.71999 1.94375 1.70297 1.93  12.3404 0.85 11.416 854.097 1741.81  1.07271e+49  3.20255e+31  1.05077e+33  10.8  0.178704
1.08094 1.72117 1.94374 1.70297 1.93  12.4148 0.84 11.416 877.939 1728.13  1.112e+49  3.41253e+31  1.04505e+33  10.8  0.178704
1.07382 1.72237 1.94375 1.70297 1.93   12.491 0.83 11.416 900.446 1714.33  1.15024e+49  3.62038e+31  1.03937e+33  10.8  0.178704
1.06669 1.72356 1.94374 1.70297 1.93  12.5694 0.82 11.416 922.005 1700.26  1.18788e+49  3.82837e+31  1.03364e+33  10.8  0.178704
1.05966 1.72477 1.94373 1.70297 1.93  12.6497 0.81 11.416 942.371 1686.06  1.22459e+49  4.03387e+31  1.02795e+33  10.8  0.178704
1.05261 1.72597 1.94374 1.70297 1.93  12.7326  0.8 11.416 961.776 1671.6  1.26073e+49  4.23842e+31  1.02223e+33  10.8  0.178704
1.04564 1.72717 1.94373 1.70297 1.93  12.8175 0.79 11.416 980.169 1656.98  1.29608e+49  4.44061e+31  1.01653e+33  10.8  0.178704
1.03872 1.72838 1.94373 1.70297 1.93  12.9052 0.78 11.416 997.739 1642.05  1.33092e+49  4.64171e+31  1.01083e+33  10.8  0.178704
1.03188  1.7296 1.94375 1.70297 1.93  12.9953 0.77 11.416 1014.41 1626.87  1.36507e+49  4.84033e+31  1.00518e+33  10.8  0.178704
1.02509  1.7308 1.94374 1.70297 1.93  13.0882 0.76 11.416 1030.28 1611.38  1.39866e+49  5.03707e+31  9.99533e+32  10.8  0.178704
1.01837   1.732 1.94374 1.70297 1.93  13.1839 0.75 11.416 1045.26 1595.68  1.4316e+49  5.23061e+31  9.93921e+32  10.8  0.178704
1.01169 1.73318 1.94373 1.70297 1.93  13.2829 0.74 11.416 1059.46 1579.62  1.46391e+49  5.42135e+31  9.8831e+32  10.8  0.178704
1.00513 1.73436 1.94372 1.70297 1.93  13.3849 0.73 11.416  1072.9 1563.27  1.4956e+49  5.60898e+31  9.82775e+32  10.8  0.178704
0.998661 1.73554 1.94372 1.70297 1.93  13.4905 0.72 11.416 1085.61 1546.55  1.52667e+49  5.7933e+31  9.77303e+32  10.8  0.178704
0.992326 1.73671 1.94374 1.70297 1.93  13.5996 0.71 11.416 1097.58 1529.5  1.55705e+49  5.97374e+31  9.7192e+32  10.8  0.178704
0.986109 1.73785 1.94373 1.70297 1.93  13.7128  0.7 11.416 1108.86   1512  1.58667e+49  6.14995e+31  9.66599e+32  10.8  0.178704
0.980056   1.739 1.94375 1.70297 1.93  13.8299 0.69 11.416 1119.43 1494.15  1.61553e+49  6.32148e+31  9.61423e+32  10.8  0.178704
0.974129 1.74009 1.94373 1.70297 1.93  13.9516 0.68 11.416 1129.29 1475.85  1.64353e+49  6.48771e+31  9.56306e+32  10.8  0.178704
 0.9684 1.74116 1.94373 1.70297 1.93  14.0779 0.67 11.416 1138.44 1457.11  1.67055e+49  6.6478e+31  9.51352e+32  10.8  0.178704
0.96289 1.74221 1.94374 1.70297 1.93  14.2095 0.66 11.416 1146.95 1437.85  1.69658e+49  6.80186e+31  9.46573e+32  10.8  0.178704
0.957638 1.74322 1.94374 1.70297 1.93  14.3464 0.65 11.416 1154.76 1418.1  1.7214e+49  6.94839e+31  9.41997e+32  10.8  0.178704
0.952627 1.74417 1.94373 1.70297 1.93  14.4896 0.64 11.416 1161.89 1397.77  1.74494e+49  7.08686e+31  9.37609e+32  10.8  0.178704
0.94796 1.74509 1.94376 1.70297 1.93   14.639 0.63 11.416 1168.34 1376.9  1.76702e+49  7.21635e+31  9.33528e+32  10.8  0.178704
0.943613 1.74592 1.94376 1.70297 1.93  14.7957 0.62 11.416 1174.08 1355.38  1.78744e+49  7.33561e+31  9.29705e+32  10.8  0.178704
0.939708 1.74669 1.94376 1.70297 1.93  14.9602 0.61 11.416 1179.13 1333.18  1.80588e+49  7.44323e+31  9.26258e+32  10.8  0.178704
0.936235 1.74734 1.94372 1.70297 1.93  15.1333  0.6 11.416 1183.44 1310.27  1.82212e+49  7.53756e+31  9.23154e+32  10.8  0.178704
0.933314 1.74792 1.94373 1.70297 1.93  15.3158 0.59 11.416 1187.02 1286.62  1.83594e+49  7.61774e+31  9.20566e+32  10.8  0.178704
0.930975 1.74839 1.94375 1.70297 1.93  15.5086 0.58 11.416  1189.8 1262.22  1.84705e+49  7.68179e+31  9.18495e+32  10.8  0.178704
0.92929  1.7487 1.94372 1.70297 1.93  15.7133 0.57 11.416 1191.76 1236.92  1.85489e+49  7.72709e+31  9.16981e+32  10.8  0.178704
0.928342  1.7489 1.94373 1.70297 1.93  15.9303 0.56 11.416 1192.84 1210.85  1.8594e+49  7.75292e+31  9.16141e+32  10.8  0.178704
    1.3  1.7736 2.03913 1.7736 1.93  11.3462    1 11.3462       0 2020.63  0  0  1.27807e+33  10.8  0.178704
 1.2893 1.77494 2.03914 1.7736 1.93  11.4002 0.99 11.3462  238.66 1989.37  2.82423e+48  2.35607e+30  1.27113e+33  10.8  0.178704
1.27831 1.77611 2.03912 1.7736 1.93  11.4552 0.98 11.3462 340.396 1970.86  4.05855e+48  4.82908e+30  1.26407e+33  10.8  0.178704
1.26813 1.77733 2.03914 1.7736 1.93  11.5103 0.97 11.3462 414.731 1955.06  4.98309e+48  7.22394e+30  1.25737e+33  10.8  0.178704
1.25809 1.77859 2.03914 1.7736 1.93   11.567 0.96 11.3462 477.266 1940.1  5.77943e+48  9.64169e+30  1.25064e+33  10.8  0.178704
1.24799 1.77983 2.03914 1.7736 1.93  11.6251 0.95 11.3462 531.971 1925.56  6.49213e+48  1.20721e+31  1.24376e+33  10.8  0.178704
1.23828 1.78109 2.03914 1.7736 1.93  11.6839 0.94 11.3462 580.105 1911.58  7.13584e+48  1.44697e+31  1.23703e+33  10.8  0.178704
1.22844 1.78234 2.03913 1.7736 1.93  11.7447 0.93 11.3462 624.315 1897.63  7.74145e+48  1.68941e+31  1.23011e+33  10.8  0.178704
1.21889 1.78361 2.03914 1.7736 1.93  11.8063 0.92 11.3462 664.319 1884.02  8.30438e+48  1.92838e+31  1.22331e+33  10.8  0.178704
1.20937 1.78487 2.03913 1.7736 1.93  11.8697 0.91 11.3462 701.504 1870.38  8.84119e+48  2.16795e+31  1.2164e+33  10.8  0.178704
    1.2 1.78617 2.03915 1.7736 1.93  11.9344  0.9 11.3462 736.247 1856.75  9.35555e+48  2.40769e+31  1.20954e+33  10.8  0.178704
1.19085 1.78749 2.03916 1.7736 1.93  12.0005 0.89 11.3462 768.635 1843.13  9.84825e+48  2.64599e+31  1.20269e+33  10.8  0.178704
1.18165 1.78879 2.03914 1.7736 1.93  12.0684 0.88 11.3462 799.274 1829.33  1.03263e+49  2.88503e+31  1.19572e+33  10.8  0.178704
1.17269 1.79012 2.03915 1.7736 1.93  12.1376 0.87 11.3462 827.922 1815.59  1.07867e+49  3.12167e+31  1.18886e+33  10.8  0.178704
1.16373 1.79143 2.03912 1.7736 1.93  12.2089 0.86 11.3462  855.23 1801.59  1.12372e+49  3.35929e+31  1.18189e+33  10.8  0.178704
1.15497 1.79278 2.03912 1.7736 1.93  12.2814 0.85 11.3462 880.917 1787.53  1.16734e+49  3.59452e+31  1.17499e+33  10.8  0.178704
1.14624 1.79414 2.03914 1.7736 1.93  12.3562 0.84 11.3462 905.304 1773.3  1.21004e+49  3.82917e+31  1.16808e+33  10.8  0.178704
1.13757 1.79545 2.03911 1.7736 1.93  12.4327 0.83 11.3462 928.305 1758.97  1.2516e+49  4.0613e+31  1.16111e+33  10.8  0.178704
1.12904 1.79681 2.03914 1.7736 1.93  12.5113 0.82 11.3462 950.148 1744.5  1.29238e+49  4.29229e+31  1.15423e+33  10.8  0.178704
1.12053 1.79815 2.03914 1.7736 1.93  12.5922 0.81 11.3462 970.906 1729.79  1.33232e+49  4.52162e+31  1.14727e+33  10.8  0.178704
1.11218 1.79949 2.03913 1.7736 1.93  12.6751  0.8 11.3462 990.594 1714.91  1.37147e+49  4.74886e+31  1.14036e+33  10.8  0.178704
1.10392 1.80085 2.03914 1.7736 1.93  12.7604 0.79 11.3462  1009.4 1699.76  1.41001e+49  4.97503e+31  1.13348e+33  10.8  0.178704
1.09575 1.80221 2.03915 1.7736 1.93   12.848 0.78 11.3462 1027.16 1684.42  1.44775e+49  5.19801e+31  1.12662e+33  10.8  0.178704
1.08763 1.80353 2.03912 1.7736 1.93  12.9384 0.77 11.3462 1044.04 1668.81  1.48488e+49  5.41896e+31  1.11973e+33  10.8  0.178704
 1.0797 1.80488 2.03914 1.7736 1.93  13.0312 0.76 11.3462 1060.03 1652.99  1.52131e+49  5.63693e+31  1.11296e+33  10.8  0.178704
1.07183 1.80623 2.03914 1.7736 1.93  13.1271 0.75 11.3462 1075.27 1636.77  1.55717e+49  5.85279e+31  1.10619e+33  10.8  0.178704
1.06414 1.80757 2.03913 1.7736 1.93  13.2256 0.74 11.3462 1089.65 1620.33  1.59225e+49  6.06465e+31  1.09951e+33  10.8  0.178704
1.05648 1.80889 2.03913 1.7736 1.93  13.3277 0.73 11.3462 1103.23 1603.54  1.62677e+49  6.27335e+31  1.09284e+33  10.8  0.178704
1.04901  1.8102 2.03913 1.7736 1.93  13.4328 0.72 11.3462    1116 1586.5  1.66052e+49  6.4776e+31  1.08628e+33  10.8  0.178704
1.04166 1.81151 2.03914 1.7736 1.93  13.5417 0.71 11.3462 1128.08 1569.01  1.69361e+49  6.67827e+31  1.07981e+33  10.8  0.178704
1.03451 1.81279 2.03914 1.7736 1.93   13.654  0.7 11.3462 1139.39 1551.24  1.72588e+49  6.87369e+31  1.07346e+33  10.8  0.178704
1.02751 1.81406 2.03915 1.7736 1.93  13.7707 0.69 11.3462 1150.01 1532.99  1.75736e+49  7.06433e+31  1.06722e+33  10.8  0.178704
1.02072 1.81527  2.0391 1.7736 1.93  13.8915 0.68 11.3462 1159.92 1514.31  1.78779e+49  7.24856e+31  1.06109e+33  10.8  0.178704
1.01415 1.81649 2.03912 1.7736 1.93  14.0169 0.67 11.3462 1169.12 1495.24  1.81739e+49  7.42703e+31  1.05517e+33  10.8  0.178704
 1.0078 1.81764 2.03909 1.7736 1.93  14.1472 0.66 11.3462 1177.61 1475.66  1.84582e+49  7.598e+31  1.0494e+33  10.8  0.178704
1.00178  1.8188 2.03914 1.7736 1.93  14.2828 0.65 11.3462 1185.44 1455.62  1.8731e+49  7.76156e+31  1.04395e+33  10.8  0.178704
0.99603 1.81986 2.03911 1.7736 1.93  14.4244 0.64 11.3462 1192.59 1434.96  1.8989e+49  7.91592e+31  1.03867e+33  10.8  0.178704
0.990686 1.82091 2.03916 1.7736 1.93  14.5718 0.63 11.3462 1199.05 1413.81  1.92323e+49  8.06075e+31  1.0338e+33  10.8  0.178704
0.985686 1.82185 2.03914 1.7736 1.93  14.7265 0.62 11.3462 1204.81 1391.96  1.94572e+49  8.1942e+31  1.02918e+33  10.8  0.178704
0.981154 1.82271 2.03913 1.7736 1.93  14.8883 0.61 11.3462 1209.85 1369.52  1.96619e+49  8.31503e+31  1.02498e+33  10.8  0.178704
0.977141 1.82346 2.03911 1.7736 1.93  15.0586  0.6 11.3462 1214.19 1346.31  1.98431e+49  8.42183e+31  1.02124e+33  10.8  0.178704
0.973733 1.82415 2.03914 1.7736 1.93  15.2377 0.59 11.3462 1217.81 1322.41  1.99993e+49  8.51338e+31  1.01809e+33  10.8  0.178704
0.970965 1.82467 2.03912 1.7736 1.93  15.4269 0.58 11.3462 1220.64 1297.69  2.01239e+49  8.58634e+31  1.0155e+33  10.8  0.178704
0.968932 1.82506 2.03911 1.7736 1.93  15.6272 0.57 11.3462 1222.67 1272.16  2.02159e+49  8.63997e+31  1.01359e+33  10.8  0.178704
0.96776 1.82531 2.03913 1.7736 1.93  15.8392 0.56 11.3462 1223.87 1245.83  2.02705e+49  8.6718e+31  1.01251e+33  10.8  0.178704
    1.4 1.82387 2.10822 1.82387 1.93  11.2764    1 11.2764       0 2068.12  0  0  1.39736e+33  10.8  0.178704
1.38502 1.82533 2.10823 1.82387 1.93   11.332 0.99 11.2764 244.915 2034.55  2.99275e+48  2.56209e+30  1.38883e+33  10.8  0.178704
1.37039 1.82666 2.10822 1.82387 1.93  11.3883 0.98 11.2764 349.194 2014.9  4.30065e+48  5.2494e+30  1.38039e+33  10.8  0.178704
1.35632 1.82799 2.10823 1.82387 1.93   11.445 0.97 11.2764 426.182 1997.88  5.29058e+48  7.88146e+30  1.37206e+33  10.8  0.178704
1.34296 1.82935 2.10822 1.82387 1.93  11.5028 0.96 11.2764 490.018 1982.05  6.13224e+48  1.05036e+31  1.3639e+33  10.8  0.178704
1.32946 1.83071 2.10821 1.82387 1.93  11.5624 0.95 11.2764  546.29 1966.58  6.89193e+48  1.31605e+31  1.35551e+33  10.8  0.178704
1.31668 1.83208 2.10822 1.82387 1.93  11.6224 0.94 11.2764 595.562 1951.83  7.57508e+48  1.57697e+31  1.34737e+33  10.8  0.178704
1.30405 1.83346 2.10821 1.82387 1.93  11.6841 0.93 11.2764 640.648 1937.19  8.21608e+48  1.83989e+31  1.33913e+33  10.8  0.178704
 1.2917 1.83486 2.10822 1.82387 1.93   11.747 0.92 11.2764 681.817 1922.73  8.81659e+48  2.10124e+31  1.33092e+33  10.8  0.178704
1.27974 1.83625  2.1082 1.82387 1.93   11.811 0.91 11.2764 719.707 1908.44  9.38474e+48  2.36095e+31  1.32277e+33  10.8  0.178704
1.26785 1.83765 2.10821 1.82387 1.93  11.8769  0.9 11.2764  755.21 1894.11  9.9314e+48  2.62172e+31  1.31455e+33  10.8  0.178704
1.25631 1.83905 2.10821 1.82387 1.93  11.9439 0.89 11.2764 788.038 1879.91  1.04519e+49  2.87906e+31  1.30639e+33  10.8  0.178704
1.24493 1.84046 2.10822 1.82387 1.93  12.0126 0.88 11.2764 819.049 1865.64  1.09572e+49  3.13704e+31  1.29822e+33  10.8  0.178704
1.23389 1.84188 2.10823 1.82387 1.93  12.0826 0.87 11.2764 848.137 1851.36  1.14446e+49  3.39294e+31  1.29012e+33  10.8  0.178704
1.22303 1.84332 2.10822 1.82387 1.93  12.1546 0.86 11.2764 875.745 1836.92  1.19205e+49  3.64906e+31  1.28199e+33  10.8  0.178704
1.21234 1.84476 2.10821 1.82387 1.93  12.2281 0.85 11.2764 901.795 1822.37  1.23826e+49  3.90327e+31  1.27386e+33  10.8  0.178704
1.20191 1.84622 2.10821 1.82387 1.93  12.3033 0.84 11.2764 926.439 1807.73  1.28336e+49  4.15597e+31  1.2658e+33  10.8  0.178704
1.19162 1.84769 2.10821 1.82387 1.93  12.3806 0.83 11.2764 949.944 1792.86  1.3276e+49  4.40832e+31  1.25774e+33  10.8  0.178704
1.18156 1.84916 2.10823 1.82387 1.93  12.4596 0.82 11.2764 972.079 1777.89  1.3707e+49  4.65751e+31  1.24973e+33  10.8  0.178704
1.17156 1.85062 2.10824 1.82387 1.93   12.541 0.81 11.2764 993.143 1762.73  1.4131e+49  4.90561e+31  1.2417e+33  10.8  0.178704
 1.1618 1.85208 2.10824 1.82387 1.93  12.6243  0.8 11.2764 1012.99 1747.47  1.45449e+49  5.15019e+31  1.23372e+33  10.8  0.178704
 1.1521 1.85353 2.10823 1.82387 1.93  12.7102 0.79 11.2764 1031.93 1731.89  1.49527e+49  5.39361e+31  1.2257e+33  10.8  0.178704
1.14267 1.85498 2.10821 1.82387 1.93  12.7981 0.78 11.2764 1049.83 1716.17  1.53517e+49  5.63355e+31  1.21778e+33  10.8  0.178704
1.13335 1.85643  2.1082 1.82387 1.93  12.8888 0.77 11.2764 1066.91 1700.14  1.57454e+49  5.87204e+31  1.20989e+33  10.8  0.178704
1.12422 1.85789 2.10821 1.82387 1.93  12.9819 0.76 11.2764 1082.97 1683.93  1.61304e+49  6.10618e+31  1.20207e+33  10.8  0.178704
1.11524 1.85935 2.10823 1.82387 1.93   13.078 0.75 11.2764 1098.26 1667.42  1.65106e+49  6.33836e+31  1.19433e+33  10.8  0.178704
1.10645 1.86078 2.10822 1.82387 1.93  13.1767 0.74 11.2764 1112.67 1650.63  1.68816e+49  6.56578e+31  1.18663e+33  10.8  0.178704
1.09784 1.86223 2.10822 1.82387 1.93  13.2788 0.73 11.2764 1126.39 1633.46  1.72474e+49  6.79082e+31  1.17904e+33  10.8  0.178704
1.08939 1.86364  2.1082 1.82387 1.93  13.3839 0.72 11.2764 1139.18 1616.06  1.76043e+49  7.01e+31  1.17152e+33  10.8  0.178704
1.08113 1.86505 2.10821 1.82387 1.93  13.4927 0.71 11.2764 1151.28 1598.27  1.79554e+49  7.22581e+31  1.16411e+33  10.8  0.178704
1.07308 1.86642 2.10819 1.82387 1.93  13.6049  0.7 11.2764 1162.58 1580.16  1.82965e+49  7.43531e+31  1.15683e+33  10.8  0.178704
1.06525  1.8678 2.10821 1.82387 1.93  13.7213 0.69 11.2764 1173.21 1561.62  1.86309e+49  7.64047e+31  1.14972e+33  10.8  0.178704
1.05766 1.86914 2.10821 1.82387 1.93  13.8415 0.68 11.2764 1183.07 1542.71  1.89544e+49  7.83844e+31  1.14277e+33  10.8  0.178704
1.05034 1.87045  2.1082 1.82387 1.93  13.9665 0.67 11.2764 1192.32 1523.28  1.92682e+49  8.03046e+31  1.13602e+33  10.8  0.178704
 1.0433 1.87172 2.10821 1.82387 1.93  14.0961 0.66 11.2764 1200.78 1503.47  1.95706e+49  8.2144e+31  1.12949e+33  10.8  0.178704
1.03657 1.87297 2.10824 1.82387 1.93   14.231 0.65 11.2764 1208.59 1483.13  1.9861e+49  8.39048e+31  1.12324e+33  10.8  0.178704
1.03017  1.8741 2.10819 1.82387 1.93  14.3715 0.64 11.2764 1215.68 1462.22  2.01353e+49  8.55628e+31  1.1172e+33  10.8  0.178704
1.02422 1.87521  2.1082 1.82387 1.93   14.518 0.63 11.2764 1222.11 1440.77  2.03939e+49  8.71203e+31  1.11158e+33  10.8  0.178704
1.01868 1.87626 2.10823 1.82387 1.93  14.6712 0.62 11.2764 1227.85 1418.71  2.06352e+49  8.85654e+31  1.10636e+33  10.8  0.178704
1.01366 1.87722 2.10824 1.82387 1.93  14.8313 0.61 11.2764 1232.88 1396.04  2.08545e+49  8.98728e+31  1.10159e+33  10.8  0.178704
1.00917 1.87804  2.1082 1.82387 1.93  14.9998  0.6 11.2764 1237.22 1372.59  2.10489e+49  9.10295e+31  1.09728e+33  10.8  0.178704
1.00534 1.87878 2.10822 1.82387 1.93  15.1767 0.59 11.2764  1240.8 1348.48  2.12168e+49  9.20215e+31  1.09362e+33  10.8  0.178704
1.00223 1.87937 2.10822 1.82387 1.93  15.3634 0.58 11.2764 1243.65 1323.55  2.13531e+49  9.28258e+31  1.09063e+33  10.8  0.178704
0.999936 1.87981 2.10821 1.82387 1.93  15.5606 0.57 11.2764 1245.72 1297.8  2.14538e+49  9.34184e+31  1.08843e+33  10.8  0.178704
0.998575  1.8801 2.10824 1.82387 1.93  15.7694 0.56 11.2764 1246.96 1271.25  2.1515e+49  9.37781e+31  1.08713e+33  10.8  0.178704
    1.5 1.85944 2.15798 1.85944 1.93  11.2094    1 11.2094       0 2106.98  0  0  1.4946e+33  10.8  0.178704
1.47995 1.86107 2.15797 1.85944 1.93  11.2672 0.99 11.2094 248.944 2071.44  3.1031e+48  2.70026e+30  1.48448e+33  10.8  0.178704
1.46061 1.86261   2.158 1.85944 1.93  11.3253 0.98 11.2094 356.009 2050.51  4.47393e+48  5.56749e+30  1.47458e+33  10.8  0.178704
1.44122 1.86399 2.15796 1.85944 1.93  11.3844 0.97 11.2094 435.715 2032.11  5.52092e+48  8.40857e+30  1.46436e+33  10.8  0.178704
1.42353 1.86547 2.15799 1.85944 1.93  11.4438 0.96 11.2094 500.496 2015.38  6.39526e+48  1.11884e+31  1.45474e+33  10.8  0.178704
1.40591 1.86692 2.15799 1.85944 1.93   11.505 0.95 11.2094 557.782 1999.06  7.18769e+48  1.4014e+31  1.44485e+33  10.8  0.178704
1.38932 1.86837 2.15798 1.85944 1.93  11.5666 0.94 11.2094 607.951 1983.47  7.90063e+48  1.67896e+31  1.43524e+33  10.8  0.178704
1.37322 1.86985 2.15797 1.85944 1.93  11.6297 0.93 11.2094 653.615 1968.09  8.56673e+48  1.95725e+31  1.42563e+33  10.8  0.178704
1.35756 1.87133 2.15798 1.85944 1.93  11.6941 0.92 11.2094 695.527 1952.93  9.19451e+48  2.23538e+31  1.41606e+33  10.8  0.178704
1.34266 1.87282 2.15798 1.85944 1.93  11.7592 0.91 11.2094 733.898 1938.05  9.78571e+48  2.51036e+31  1.40667e+33  10.8  0.178704
1.32792 1.87431 2.15798 1.85944 1.93  11.8264  0.9 11.2094 769.977 1923.03  1.03563e+49  2.78734e+31  1.39716e+33  10.8  0.178704
1.31384 1.87581 2.15798 1.85944 1.93  11.8944 0.89 11.2094 803.325 1908.23  1.08996e+49  3.06064e+31  1.38783e+33  10.8  0.178704
1.30006 1.87731 2.15797 1.85944 1.93  11.9641 0.88 11.2094 834.692 1893.38  1.14256e+49  3.3336e+31  1.37848e+33  10.8  0.178704
1.28671  1.8788 2.15798 1.85944 1.93  12.0351 0.87 11.2094 864.035 1878.6  1.19326e+49  3.60392e+31  1.36923e+33  10.8  0.178704
1.27369 1.88032 2.15799 1.85944 1.93  12.1079 0.86 11.2094 891.734 1863.73  1.2426e+49  3.87323e+31  1.36e+33  10.8  0.178704
  1.261 1.88184 2.15798 1.85944 1.93  12.1824 0.85 11.2094 918.045 1848.73  1.29077e+49  4.14212e+31  1.35079e+33  10.8  0.178704
1.24876 1.88337 2.15798 1.85944 1.93  12.2584 0.84 11.2094 942.854 1833.69  1.33763e+49  4.40849e+31  1.34169e+33  10.8  0.178704
1.23668 1.88491 2.15797 1.85944 1.93  12.3366 0.83 11.2094 966.497 1818.39  1.38365e+49  4.67448e+31  1.33255e+33  10.8  0.178704
1.22506 1.88649 2.15799 1.85944 1.93  12.4162 0.82 11.2094 988.822 1803.06  1.42853e+49  4.9376e+31  1.32361e+33  10.8  0.178704
 1.2136 1.88805   2.158 1.85944 1.93  12.4982 0.81 11.2094  1010.1 1787.47  1.47269e+49  5.19976e+31  1.31463e+33  10.8  0.178704
1.20239 1.88959 2.15799 1.85944 1.93   12.582  0.8 11.2094 1030.12 1771.77  1.51575e+49  5.45788e+31  1.30569e+33  10.8  0.178704
1.19137 1.89112 2.15799 1.85944 1.93  12.6684 0.79 11.2094 1049.14 1755.87  1.55819e+49  5.71427e+31  1.29676e+33  10.8  0.178704
1.18069 1.89267 2.15799 1.85944 1.93  12.7568 0.78 11.2094 1067.11 1739.83  1.59971e+49  5.96704e+31  1.28796e+33  10.8  0.178704
1.17014 1.89419 2.15798 1.85944 1.93   12.848 0.77 11.2094  1084.2 1723.46  1.64061e+49  6.21765e+31  1.27915e+33  10.8  0.178704
1.15993 1.89574 2.15798 1.85944 1.93  12.9413 0.76 11.2094 1100.37 1706.92  1.6807e+49  6.46455e+31  1.27049e+33  10.8  0.178704
1.14988 1.89725 2.15796 1.85944 1.93  13.0378 0.75 11.2094 1115.69 1690.08  1.72017e+49  6.70845e+31  1.26185e+33  10.8  0.178704
1.14009 1.89878 2.15798 1.85944 1.93  13.1368 0.74 11.2094 1130.09 1673.02  1.75884e+49  6.94777e+31  1.25335e+33  10.8  0.178704
1.13053 1.90031 2.15799 1.85944 1.93  13.2391 0.73 11.2094 1143.78 1655.61  1.79691e+49  7.18415e+31  1.24496e+33  10.8  0.178704
1.12127 1.90184 2.15801 1.85944 1.93  13.3442 0.72 11.2094 1156.66 1637.89  1.83408e+49  7.41538e+31  1.23673e+33  10.8  0.178704
1.11214 1.90331 2.15799 1.85944 1.93  13.4531 0.71 11.2094 1168.74 1619.83  1.87058e+49  7.64192e+31  1.22852e+33  10.8  0.178704
 1.1033 1.90477 2.15798 1.85944 1.93  13.5653  0.7 11.2094 1180.01 1601.47  1.90611e+49  7.86213e+31  1.22049e+33  10.8  0.178704
1.09472 1.90622 2.15799 1.85944 1.93  13.6816 0.69 11.2094 1190.62 1582.66  1.9409e+49  8.07768e+31  1.21265e+33  10.8  0.178704
1.08644 1.90762 2.15798 1.85944 1.93  13.8017 0.68 11.2094 1200.44 1563.51  1.97459e+49  8.2856e+31  1.20498e+33  10.8  0.178704
1.07843   1.909 2.15797 1.85944 1.93  13.9266 0.67 11.2094 1209.62 1543.85  2.00731e+49  8.48733e+31  1.19752e+33  10.8  0.178704
1.07082 1.91037   2.158 1.85944 1.93  14.0556 0.66 11.2094 1218.08 1523.81  2.0388e+49  8.68077e+31  1.1904e+33  10.8  0.178704
1.06346 1.91164 2.15797 1.85944 1.93  14.1903 0.65 11.2094 1225.82 1503.21  2.06903e+49  8.86549e+31  1.18344e+33  10.8  0.178704
1.05654 1.91288 2.15798 1.85944 1.93    14.33 0.64 11.2094 1232.88 1482.15  2.09775e+49  9.04027e+31  1.17687e+33  10.8  0.178704
1.05005 1.91405 2.15798 1.85944 1.93  14.4759 0.63 11.2094 1239.26 1460.47  2.12479e+49  9.20427e+31  1.17066e+33  10.8  0.178704
1.04406 1.91517   2.158 1.85944 1.93  14.6282 0.62 11.2094 1244.97 1438.21  2.14998e+49  9.3563e+31  1.16493e+33  10.8  0.178704
1.03857 1.91613 2.15795 1.85944 1.93  14.7874 0.61 11.2094 1249.94 1415.33  2.17288e+49  9.4936e+31  1.15958e+33  10.8  0.178704
1.03372 1.91706 2.15799 1.85944 1.93  14.9547  0.6 11.2094 1254.25 1391.71  2.19341e+49  9.61635e+31  1.15491e+33  10.8  0.178704
1.02957 1.91782 2.15796 1.85944 1.93  15.1299 0.59 11.2094 1257.81 1367.43  2.21096e+49  9.72084e+31  1.15083e+33  10.8  0.178704
 1.0262 1.91847 2.15799 1.85944 1.93  15.3149 0.58 11.2094 1260.67 1342.33  2.22541e+49  9.80661e+31  1.14756e+33  10.8  0.178704
1.02368 1.91894 2.15798 1.85944 1.93  15.5099 0.57 11.2094 1262.73 1316.45  2.23611e+49  9.86989e+31  1.14508e+33  10.8  0.178704
1.02212 1.91923 2.15797 1.85944 1.93  15.7166 0.56 11.2094 1263.97 1289.71  2.2427e+49  9.90865e+31  1.14356e+33  10.8  0.178704
    1.6 1.88442 2.19325 1.88442 1.93  11.1469    1 11.1469       0 2138.96  0  0  1.57301e+33  10.8  0.178704
1.57196 1.88611 2.19325 1.88442 1.93  11.2079 0.99 11.1469 253.265 2101.14  3.19342e+48  2.82709e+30  1.56066e+33  10.8  0.178704
1.54655 1.88774 2.19324 1.88442 1.93  11.2686 0.98 11.1469 361.211 2079.11  4.59412e+48  5.80059e+30  1.54908e+33  10.8  0.178704
1.52095 1.88927 2.19326 1.88442 1.93  11.3304 0.97 11.1469 443.027 2059.43  5.68393e+48  8.80213e+30  1.5371e+33  10.8  0.178704
  1.498 1.89081 2.19325 1.88442 1.93  11.3918 0.96 11.1469 508.804 2041.67  6.58497e+48  1.17115e+31  1.5258e+33  10.8  0.178704
1.47551 1.89233 2.19322 1.88442 1.93  11.4551 0.95 11.1469 566.844 2024.42  7.40104e+48  1.46644e+31  1.51436e+33  10.8  0.178704
 1.4545 1.89387 2.19326 1.88442 1.93  11.5186 0.94 11.1469 617.772   2008  8.13731e+48  1.75718e+31  1.50332e+33  10.8  0.178704
1.43453 1.89542 2.19326 1.88442 1.93  11.5832 0.93 11.1469 663.764 1991.95  8.82073e+48  2.04657e+31  1.49241e+33  10.8  0.178704
1.41516 1.89695 2.19325 1.88442 1.93  11.6493 0.92 11.1469 706.222 1976.04  9.46848e+48  2.33738e+31  1.48147e+33  10.8  0.178704
1.39707 1.89851 2.19325 1.88442 1.93  11.7158 0.91 11.1469 744.891 1960.57  1.00759e+49  2.62353e+31  1.47089e+33  10.8  0.178704
1.37934 1.90007 2.19324 1.88442 1.93  11.7843  0.9 11.1469 781.223   1945  1.06623e+49  2.91163e+31  1.46022e+33  10.8  0.178704
1.36255 1.90164 2.19325 1.88442 1.93  11.8535 0.89 11.1469 814.888 1929.65  1.12219e+49  3.19649e+31  1.44979e+33  10.8  0.178704
1.34636 1.90321 2.19325 1.88442 1.93  11.9242 0.88 11.1469 846.509 1914.3  1.1763e+49  3.48064e+31  1.43944e+33  10.8  0.178704
1.33065 1.90478 2.19325 1.88442 1.93  11.9964 0.87 11.1469 876.144 1898.96  1.22855e+49  3.76251e+31  1.42912e+33  10.8  0.178704
1.31559 1.90635 2.19324 1.88442 1.93    12.07 0.86 11.1469 903.973 1883.68  1.27921e+49  4.04208e+31  1.41895e+33  10.8  0.178704
 1.3009 1.90793 2.19327 1.88442 1.93  12.1454 0.85 11.1469 930.386 1868.3  1.32876e+49  4.32134e+31  1.40881e+33  10.8  0.178704
1.28685 1.90952 2.19326 1.88442 1.93  12.2222 0.84 11.1469 955.236 1852.91  1.37686e+49  4.59736e+31  1.39882e+33  10.8  0.178704
1.27308 1.91111 2.19324 1.88442 1.93  12.3012 0.83 11.1469 978.974 1837.24  1.42416e+49  4.87346e+31  1.38877e+33  10.8  0.178704
 1.2599 1.91273 2.19324 1.88442 1.93  12.3815 0.82 11.1469 1001.34 1821.58  1.47023e+49  5.1461e+31  1.37895e+33  10.8  0.178704
1.24704 1.91436 2.19326 1.88442 1.93  12.4641 0.81 11.1469 1022.71 1805.68  1.51565e+49  5.41828e+31  1.36919e+33  10.8  0.178704
1.23454 1.91597 2.19325 1.88442 1.93  12.5486  0.8 11.1469 1042.82 1789.65  1.55992e+49  5.68618e+31  1.35947e+33  10.8  0.178704
1.22235 1.91758 2.19324 1.88442 1.93  12.6354 0.79 11.1469 1061.94 1773.43  1.60352e+49  5.95226e+31  1.34981e+33  10.8  0.178704
1.21046 1.91916 2.19323 1.88442 1.93  12.7243 0.78 11.1469 1079.92 1757.09  1.64618e+49  6.21411e+31  1.34023e+33  10.8  0.178704
1.19883 1.92075 2.19322 1.88442 1.93  12.8159 0.77 11.1469 1097.01 1740.47  1.68818e+49  6.47346e+31  1.33069e+33  10.8  0.178704
1.18763 1.92237 2.19325 1.88442 1.93  12.9097 0.76 11.1469  1113.2 1723.68  1.72943e+49  6.72952e+31  1.32137e+33  10.8  0.178704
1.17668 1.92398 2.19326 1.88442 1.93  13.0064 0.75 11.1469 1128.53 1706.57  1.77e+49  6.98221e+31  1.31209e+33  10.8  0.178704
  1.166 1.92555 2.19324 1.88442 1.93  13.1057 0.74 11.1469 1142.95 1689.26  1.80972e+49  7.23013e+31  1.30289e+33  10.8  0.178704
1.15558 1.92712 2.19325 1.88442 1.93  13.2083 0.73 11.1469 1156.57 1671.63  1.84879e+49  7.47425e+31  1.29382e+33  10.8  0.178704
1.14556 1.92869 2.19325 1.88442 1.93  13.3137 0.72 11.1469 1169.42 1653.71  1.88702e+49  7.71359e+31  1.28494e+33  10.8  0.178704
1.13576 1.93025 2.19326 1.88442 1.93  13.4226 0.71 11.1469 1181.52 1635.4  1.92452e+49  7.9483e+31  1.27619e+33  10.8  0.178704
1.12625 1.93177 2.19325 1.88442 1.93  13.5349  0.7 11.1469 1192.77 1616.84  1.96109e+49  8.17643e+31  1.26758e+33  10.8  0.178704
1.11702 1.93326 2.19325 1.88442 1.93  13.6513 0.69 11.1469 1203.33 1597.84  1.99684e+49  8.39918e+31  1.25913e+33  10.8  0.178704
1.10814 1.93472 2.19323 1.88442 1.93  13.7714 0.68 11.1469 1213.13 1578.48  2.03145e+49  8.61432e+31  1.25091e+33  10.8  0.178704
1.09961 1.93619 2.19328 1.88442 1.93  13.8961 0.67 11.1469 1222.27 1558.67  2.06522e+49  8.82351e+31  1.24298e+33  10.8  0.178704
1.09148 1.93758 2.19326 1.88442 1.93   14.025 0.66 11.1469 1230.69 1538.43  2.09754e+49  9.02333e+31  1.23531e+33  10.8  0.178704
1.08365 1.93891 2.19325 1.88442 1.93  14.1594 0.65 11.1469 1238.39 1517.65  2.12867e+49  9.21457e+31  1.22787e+33  10.8  0.178704
 1.0763 1.94021 2.19326 1.88442 1.93  14.2988 0.64 11.1469  1245.4 1496.44  2.15825e+49  9.39547e+31  1.22085e+33  10.8  0.178704
1.06939 1.94142 2.19325 1.88442 1.93  14.4443 0.63 11.1469 1251.73 1474.6  2.18613e+49  9.56523e+31  1.21419e+33  10.8  0.178704
1.06301 1.94255 2.19323 1.88442 1.93   14.596 0.62 11.1469 1257.39 1452.17  2.21198e+49  9.72207e+31  1.208e+33  10.8  0.178704
1.05721 1.94363 2.19328 1.88442 1.93  14.7546 0.61 11.1469 1262.34 1429.15  2.23576e+49  9.86529e+31  1.20238e+33  10.8  0.178704
1.05205 1.94457 2.19328 1.88442 1.93  14.9209  0.6 11.1469 1266.61 1405.4  2.25693e+49  9.99238e+31  1.19733e+33  10.8  0.178704
1.04765 1.94538 2.19327 1.88442 1.93  15.0951 0.59 11.1469 1270.16 1380.99  2.27511e+49  1.01012e+32  1.193e+33  10.8  0.178704
1.04402 1.94601 2.19323 1.88442 1.93   15.279 0.58 11.1469 1272.98 1355.75  2.28999e+49  1.01897e+32  1.18939e+33  10.8  0.178704
1.04136 1.94654 2.19327 1.88442 1.93  15.4726 0.57 11.1469 1275.04 1329.76  2.30116e+49  1.0256e+32  1.18678e+33  10.8  0.178704
1.03969 1.94684 2.19327 1.88442 1.93  15.6775 0.56 11.1469 1276.29 1302.91  2.30811e+49  1.02971e+32  1.18512e+33  10.8  0.178704
    1.7   1.902 2.21828  1.902 1.93   11.089    1 11.089       0 2165.78  0  0  1.6367e+33  10.8  0.178704
1.66047 1.90372 2.21827  1.902 1.93  11.1548 0.99 11.089 257.255 2125.46  3.26349e+48  2.93464e+30  1.62142e+33  10.8  0.178704
1.62782 1.90546 2.21828  1.902 1.93  11.2181 0.98 11.089 365.649 2102.26  4.68164e+48  5.98372e+30  1.60812e+33  10.8  0.178704
1.59422 1.90699  2.2182  1.902 1.93  11.2834 0.97 11.089 448.807 2081.15  5.79964e+48  9.09848e+30  1.59386e+33  10.8  0.178704
1.56519 1.90864 2.21828  1.902 1.93  11.3474 0.96 11.089 515.319 2062.42  6.72062e+48  1.21058e+31  1.581e+33  10.8  0.178704
1.53757 1.91026 2.21828  1.902 1.93  11.4127 0.95 11.089 573.838 2044.34  7.55297e+48  1.51501e+31  1.56815e+33  10.8  0.178704
 1.5115 1.91185  2.2183  1.902 1.93  11.4786 0.94 11.089 625.494 2026.95  8.30844e+48  1.81657e+31  1.55554e+33  10.8  0.178704
1.48749 1.91343 2.21827  1.902 1.93  11.5448 0.93 11.089 671.671 2010.26  9.00387e+48  2.11395e+31  1.54337e+33  10.8  0.178704
1.46438 1.91503 2.21829  1.902 1.93  11.6125 0.92 11.089  714.47 1993.71  9.66593e+48  2.414e+31  1.53125e+33  10.8  0.178704
1.44292 1.91663 2.21828  1.902 1.93  11.6805 0.91 11.089 753.319 1977.62  1.0285e+49  2.70826e+31  1.51951e+33  10.8  0.178704
1.42232 1.91824 2.21828  1.902 1.93  11.7501  0.9 11.089 789.823 1961.58  1.0883e+49  3.00459e+31  1.50785e+33  10.8  0.178704
1.40286 1.91986 2.21829  1.902 1.93  11.8206 0.89 11.089 823.669 1945.75  1.1454e+49  3.29777e+31  1.49643e+33  10.8  0.178704
 1.3843 1.92148 2.21828  1.902 1.93  11.8923 0.88 11.089 855.396 1929.98  1.20054e+49  3.58966e+31  1.48517e+33  10.8  0.178704
 1.3664  1.9231 2.21828  1.902 1.93  11.9656 0.87 11.089 885.221 1914.19  1.25392e+49  3.87999e+31  1.47397e+33  10.8  0.178704
 1.3494 1.92472 2.21828  1.902 1.93    12.04 0.86 11.089 913.146 1898.53  1.30555e+49  4.16719e+31  1.46298e+33  10.8  0.178704
1.33291 1.92635 2.21829  1.902 1.93  12.1163 0.85 11.089 939.674 1882.76  1.35612e+49  4.45435e+31  1.45205e+33  10.8  0.178704
1.31713 1.92797 2.21828  1.902 1.93  12.1939 0.84 11.089 964.504 1867.04  1.40506e+49  4.73705e+31  1.44126e+33  10.8  0.178704
1.30187 1.92961 2.21828  1.902 1.93  12.2736 0.83 11.089  988.26 1851.12  1.45328e+49  5.02031e+31  1.43053e+33  10.8  0.178704
1.28732 1.93127 2.21828  1.902 1.93  12.3546 0.82 11.089 1010.67 1835.18  1.50026e+49  5.3001e+31  1.42002e+33  10.8  0.178704
1.27316 1.93294 2.21828  1.902 1.93  12.4379 0.81 11.089 1032.01   1819  1.54647e+49  5.5787e+31  1.40955e+33  10.8  0.178704
1.25951 1.93459 2.21827  1.902 1.93  12.5228  0.8 11.089 1052.18 1802.73  1.59164e+49  5.85387e+31  1.39921e+33  10.8  0.178704
1.24632 1.93628 2.21829  1.902 1.93  12.6099 0.79 11.089 1071.34 1786.28  1.63611e+49  6.127e+31  1.38901e+33  10.8  0.178704
1.23342 1.93791 2.21827  1.902 1.93  12.6994 0.78 11.089 1089.37 1769.65  1.67959e+49  6.3957e+31  1.37882e+33  10.8  0.178704
1.22093 1.93956 2.21829  1.902 1.93  12.7912 0.77 11.089 1106.44 1752.87  1.72243e+49  6.6616e+31  1.36878e+33  10.8  0.178704
1.20882  1.9412 2.21829  1.902 1.93  12.8855 0.76 11.089 1122.62 1735.85  1.76445e+49  6.92394e+31  1.35884e+33  10.8  0.178704
1.19707 1.94284 2.21829  1.902 1.93  12.9825 0.75 11.089 1137.93 1718.55  1.80575e+49  7.18256e+31  1.34901e+33  10.8  0.178704
1.18568 1.94446 2.21828  1.902 1.93  13.0822 0.74 11.089 1152.36 1701.03  1.84626e+49  7.43685e+31  1.33931e+33  10.8  0.178704
1.17459 1.94608 2.21828  1.902 1.93  13.1849 0.73 11.089 1165.95 1683.22  1.88605e+49  7.68672e+31  1.32974e+33  10.8  0.178704
1.16388 1.94769  2.2183  1.902 1.93  13.2905 0.72 11.089 1178.76 1665.14  1.92506e+49  7.93189e+31  1.32037e+33  10.8  0.178704
1.15351 1.94928 2.21829  1.902 1.93  13.3996 0.71 11.089 1190.84 1646.65  1.96323e+49  8.17207e+31  1.31113e+33  10.8  0.178704
1.14344 1.95082 2.21826  1.902 1.93  13.5121  0.7 11.089 1202.07 1627.91  2.00049e+49  8.40573e+31  1.30204e+33  10.8  0.178704
1.13373 1.95238 2.21829  1.902 1.93  13.6285 0.69 11.089 1212.59 1608.77  2.03696e+49  8.63387e+31  1.29319e+33  10.8  0.178704
1.12438 1.95389 2.21828  1.902 1.93  13.7486 0.68 11.089 1222.36 1589.26  2.07229e+49  8.85439e+31  1.28457e+33  10.8  0.178704
1.11537 1.95536 2.21827  1.902 1.93  13.8733 0.67 11.089 1231.43 1569.3  2.10663e+49  9.06792e+31  1.27616e+33  10.8  0.178704
1.10681 1.95681  2.2183  1.902 1.93  14.0023 0.66 11.089  1239.8 1548.92  2.13965e+49  9.27262e+31  1.26812e+33  10.8  0.178704
1.09861 1.95818 2.21827  1.902 1.93  14.1366 0.65 11.089 1247.49   1528  2.17136e+49  9.46839e+31  1.26031e+33  10.8  0.178704
 1.0909 1.95951 2.21828  1.902 1.93  14.2757 0.64 11.089 1254.44 1506.66  2.20154e+49  9.6535e+31  1.25293e+33  10.8  0.178704
1.08366 1.96075 2.21827  1.902 1.93   14.421 0.63 11.089 1260.74 1484.7  2.23e+49  9.8274e+31  1.24592e+33  10.8  0.178704
1.07704 1.96195 2.21829  1.902 1.93  14.5722 0.62 11.089 1266.38 1462.18  2.25646e+49  9.98851e+31  1.2395e+33  10.8  0.178704
1.07094   1.963 2.21826  1.902 1.93  14.7303 0.61 11.089 1271.29 1439.02  2.28065e+49  1.01347e+32  1.23351e+33  10.8  0.178704
1.06556 1.96398 2.21828  1.902 1.93   14.896  0.6 11.089 1275.53 1415.19  2.30233e+49  1.02651e+32  1.22823e+33  10.8  0.178704
1.06096  1.9648 2.21826  1.902 1.93  15.0696 0.59 11.089 1279.06 1390.68  2.32091e+49  1.03767e+32  1.22366e+33  10.8  0.178704
1.05717 1.96549 2.21827  1.902 1.93  15.2526 0.58 11.089 1281.87 1365.36  2.33626e+49  1.04682e+32  1.21992e+33  10.8  0.178704
1.05439 1.96604  2.2183  1.902 1.93  15.4451 0.57 11.089 1283.92 1339.29  2.34772e+49  1.05364e+32  1.21717e+33  10.8  0.178704
1.05261 1.96632 2.21826  1.902 1.93  15.6491 0.56 11.089 1285.16 1312.33  2.35481e+49  1.05784e+32  1.21536e+33  10.8  0.178704
    1.8 1.91421 2.23563 1.91421 1.93  11.0354    1 11.0354       0 2188.56  0  0  1.68851e+33  10.8  0.178704
  1.743 1.91585  2.2356 1.91421 1.93  11.1083 0.99 11.0354 260.837 2145.04  3.31716e+48  3.02443e+30  1.669e+33  10.8  0.178704
1.70095 1.91764 2.23562 1.91421 1.93  11.1753 0.98 11.0354 369.216 2120.59  4.74252e+48  6.12065e+30  1.65352e+33  10.8  0.178704
1.65904  1.9193 2.23563 1.91421 1.93  11.2441 0.97 11.0354 453.349 2098.16  5.88082e+48  9.31921e+30  1.63737e+33  10.8  0.178704
  1.623 1.92094 2.23564 1.91421 1.93   11.311 0.96 11.0354 520.477 2078.32  6.81719e+48  1.24027e+31  1.62262e+33  10.8  0.178704
1.58979 1.92258 2.23562 1.91421 1.93  11.3786 0.95 11.0354 579.103 2059.44  7.65837e+48  1.55024e+31  1.60827e+33  10.8  0.178704
1.55882 1.92422 2.23564 1.91421 1.93  11.4466 0.94 11.0354 631.252 2041.23  8.42759e+48  1.85958e+31  1.59428e+33  10.8  0.178704
1.53094 1.92587 2.23564 1.91421 1.93  11.5144 0.93 11.0354  677.62 2023.93  9.13247e+48  2.16313e+31  1.58103e+33  10.8  0.178704
1.50418 1.92749 2.23563 1.91421 1.93  11.5837 0.92 11.0354 720.589 2006.77  9.80386e+48  2.46941e+31  1.56778e+33  10.8  0.178704
1.47966 1.92913 2.23564 1.91421 1.93  11.6531 0.91 11.0354 759.597 1990.18  1.04319e+49  2.76984e+31  1.55509e+33  10.8  0.178704
1.45641 1.93078 2.23565 1.91421 1.93  11.7238  0.9 11.0354 796.147 1973.72  1.10373e+49  3.0716e+31  1.54258e+33  10.8  0.178704
1.43445 1.93241 2.23562 1.91421 1.93  11.7955 0.89 11.0354 830.116 1957.44  1.16166e+49  3.37074e+31  1.53025e+33  10.8  0.178704
 1.4138 1.93409 2.23564 1.91421 1.93  11.8682 0.88 11.0354 861.871 1941.31  1.21749e+49  3.66789e+31  1.51826e+33  10.8  0.178704
1.39403 1.93575 2.23564 1.91421 1.93  11.9423 0.87 11.0354 891.816 1925.19  1.27168e+49  3.96426e+31  1.50637e+33  10.8  0.178704
1.37536  1.9374 2.23562 1.91421 1.93  12.0174 0.86 11.0354  919.78 1909.22  1.32397e+49  4.25668e+31  1.49472e+33  10.8  0.178704
1.35733 1.93906 2.23563 1.91421 1.93  12.0945 0.85 11.0354 946.374 1893.15  1.37524e+49  4.54937e+31  1.48315e+33  10.8  0.178704
1.34018 1.94072 2.23563 1.91421 1.93  12.1727 0.84 11.0354 971.225 1877.16  1.42483e+49  4.83716e+31  1.47178e+33  10.8  0.178704
1.32364 1.94239 2.23563 1.91421 1.93   12.253 0.83 11.0354 994.969 1861.02  1.47369e+49  5.12535e+31  1.4605e+33  10.8  0.178704
1.30792 1.94407 2.23563 1.91421 1.93  12.3346 0.82 11.0354 1017.36 1844.87  1.52124e+49  5.4098e+31  1.44943e+33  10.8  0.178704
1.29271 1.94577 2.23563 1.91421 1.93  12.4183 0.81 11.0354  1038.7 1828.48  1.56805e+49  5.69321e+31  1.43845e+33  10.8  0.178704
1.27816 1.94747 2.23563 1.91421 1.93  12.5037  0.8 11.0354 1058.89 1812.02  1.61385e+49  5.97337e+31  1.42766e+33  10.8  0.178704
1.26406 1.94916 2.23562 1.91421 1.93  12.5913 0.79 11.0354 1078.02 1795.38  1.65884e+49  6.25085e+31  1.41695e+33  10.8  0.178704
1.25041 1.95086 2.23563 1.91421 1.93  12.6811 0.78 11.0354 1096.11 1778.56  1.70296e+49  6.52478e+31  1.40635e+33  10.8  0.178704
1.23718 1.95253 2.23564 1.91421 1.93  12.7732 0.77 11.0354 1113.17 1761.61  1.74632e+49  6.79505e+31  1.39587e+33  10.8  0.178704
1.22436 1.95418 2.23561 1.91421 1.93  12.8679 0.76 11.0354 1129.31 1744.43  1.78886e+49  7.06153e+31  1.38546e+33  10.8  0.178704
1.21201 1.95587 2.23564 1.91421 1.93  12.9651 0.75 11.0354 1144.59   1727  1.83071e+49  7.32454e+31  1.37528e+33  10.8  0.178704
1.20002 1.95752 2.23563 1.91421 1.93   13.065 0.74 11.0354 1159.03 1709.32  1.87178e+49  7.58326e+31  1.36519e+33  10.8  0.178704
1.18842 1.95917 2.23563 1.91421 1.93  13.1679 0.73 11.0354 1172.59 1691.38  1.91208e+49  7.83718e+31  1.35525e+33  10.8  0.178704
 1.1772 1.96081 2.23565 1.91421 1.93  13.2738 0.72 11.0354 1185.37 1673.17  1.95161e+49  8.08637e+31  1.3455e+33  10.8  0.178704
1.16638 1.96244 2.23565 1.91421 1.93   13.383 0.71 11.0354 1197.42 1654.57  1.99028e+49  8.33048e+31  1.33594e+33  10.8  0.178704
1.15588 1.96402 2.23563 1.91421 1.93  13.4956  0.7 11.0354 1208.64 1635.68  2.02803e+49  8.56799e+31  1.32652e+33  10.8  0.178704
1.14575 1.96557 2.23561 1.91421 1.93  13.6121 0.69 11.0354 1219.11 1616.43  2.06493e+49  8.79947e+31  1.31729e+33  10.8  0.178704
1.13605 1.96712 2.23563 1.91421 1.93  13.7323 0.68 11.0354 1228.86 1596.82  2.10077e+49  9.02383e+31  1.30838e+33  10.8  0.178704
 1.1267 1.96862 2.23562 1.91421 1.93   13.857 0.67 11.0354 1237.91 1576.75  2.13557e+49  9.24086e+31  1.29968e+33  10.8  0.178704
1.11781 1.97009 2.23563 1.91421 1.93  13.9859 0.66 11.0354 1246.23 1556.27  2.16904e+49  9.44869e+31  1.29133e+33  10.8  0.178704
1.10937 1.97151 2.23564 1.91421 1.93    14.12 0.65 11.0354 1253.91 1535.26  2.20122e+49  9.64799e+31  1.28331e+33  10.8  0.178704
1.10138 1.97285 2.23563 1.91421 1.93  14.2591 0.64 11.0354 1260.82 1513.82  2.23178e+49  9.83591e+31  1.27565e+33  10.8  0.178704
 1.0939 1.97413 2.23563 1.91421 1.93  14.4042 0.63 11.0354  1267.1 1491.77  2.26066e+49  1.00128e+32  1.26842e+33  10.8  0.178704
1.08703 1.97532 2.23562 1.91421 1.93  14.5551 0.62 11.0354 1272.68 1469.17  2.28745e+49  1.01761e+32  1.26171e+33  10.8  0.178704
1.08078 1.97644 2.23565 1.91421 1.93   14.713 0.61 11.0354  1277.6 1445.95  2.31208e+49  1.03254e+32  1.25561e+33  10.8  0.178704
1.07521 1.97742 2.23564 1.91421 1.93  14.8783  0.6 11.0354  1281.8 1422.04  2.33405e+49  1.04578e+32  1.25011e+33  10.8  0.178704
1.07048 1.97829 2.23566 1.91421 1.93  15.0513 0.59 11.0354 1285.32 1397.46  2.353e+49  1.05716e+32  1.24542e+33  10.8  0.178704
1.06655 1.97896 2.23563 1.91421 1.93  15.2338 0.58 11.0354 1288.11 1372.06  2.36853e+49  1.06645e+32  1.2415e+33  10.8  0.178704
1.06367  1.9795 2.23564 1.91421 1.93  15.4257 0.57 11.0354 1290.14 1345.92  2.38014e+49  1.07337e+32  1.23862e+33  10.8  0.178704
1.06183 1.97981 2.23561 1.91421 1.93  15.6288 0.56 11.0354 1291.39 1318.91  2.38741e+49  1.07769e+32  1.23677e+33  10.8  0.178704
    1.9 1.92259 2.24752 1.92259 1.93  10.9857    1 10.9857       0 2208.24  0  0  1.73115e+33  10.8  0.178704
1.81761 1.92411 2.24743 1.92259 1.93  11.0688 0.99 10.9857 263.778 2160.75  3.35559e+48  3.09397e+30  1.70583e+33  10.8  0.178704
1.76454 1.92595 2.24751 1.92259 1.93    11.14 0.98 10.9857  372.25 2134.83  4.78693e+48  6.22874e+30  1.68799e+33  10.8  0.178704
1.71377 1.92769 2.24757 1.92259 1.93  11.2124 0.97 10.9857  456.81 2111.2  5.93644e+48  9.47918e+30  1.66988e+33  10.8  0.178704
1.67029  1.9293  2.2475 1.92259 1.93  11.2824 0.96 10.9857 524.372 2090.22  6.8839e+48  1.26177e+31  1.65316e+33  10.8  0.178704
 1.6321 1.93103 2.24754 1.92259 1.93   11.352 0.95 10.9857  583.08 2070.66  7.7317e+48  1.57584e+31  1.63769e+33  10.8  0.178704
1.59629 1.93266 2.24751 1.92259 1.93  11.4222 0.94 10.9857 635.443 2051.71  8.50922e+48  1.89006e+31  1.62233e+33  10.8  0.178704
1.56492 1.93434 2.24751 1.92259 1.93  11.4914 0.93 10.9857 681.951 2033.87  9.22094e+48  2.19805e+31  1.60813e+33  10.8  0.178704
1.53511 1.93602 2.24754 1.92259 1.93   11.562 0.92 10.9857 725.049 2016.25  9.8993e+48  2.50888e+31  1.59406e+33  10.8  0.178704
1.50777 1.93765  2.2475 1.92259 1.93  11.6327 0.91 10.9857 764.134 1999.19  1.05333e+49  2.81346e+31  1.58046e+33  10.8  0.178704
1.48228 1.93933 2.24751 1.92259 1.93  11.7044  0.9 10.9857  800.69 1982.39  1.11436e+49  3.11886e+31  1.56726e+33  10.8  0.178704
1.45833   1.941 2.24751 1.92259 1.93  11.7769 0.89 10.9857 834.736 1965.79  1.17288e+49  3.42226e+31  1.55432e+33  10.8  0.178704
1.43596  1.9427 2.24752 1.92259 1.93  11.8504 0.88 10.9857 866.502 1949.38  1.2292e+49  3.72305e+31  1.54173e+33  10.8  0.178704
1.41459 1.94437 2.24751 1.92259 1.93  11.9253 0.87 10.9857 896.491 1932.97  1.2839e+49  4.02334e+31  1.52925e+33  10.8  0.178704
1.39464 1.94607 2.24752 1.92259 1.93  12.0009 0.86 10.9857 924.482 1916.79  1.33668e+49  4.31952e+31  1.51716e+33  10.8  0.178704
1.37536 1.94775 2.24751 1.92259 1.93  12.0786 0.85 10.9857 951.102 1900.47  1.38843e+49  4.61592e+31  1.50508e+33  10.8  0.178704
1.35711 1.94943 2.24751 1.92259 1.93  12.1574 0.84 10.9857 975.975 1884.28  1.43846e+49  4.90734e+31  1.49327e+33  10.8  0.178704
1.33957 1.95113 2.24753 1.92259 1.93  12.2381 0.83 10.9857 999.703 1867.97  1.48775e+49  5.19887e+31  1.48157e+33  10.8  0.178704
1.32295 1.95283 2.24753 1.92259 1.93  12.3201 0.82 10.9857 1022.07 1851.66  1.53573e+49  5.48664e+31  1.47011e+33  10.8  0.178704
1.30693 1.95454 2.24752 1.92259 1.93  12.4043 0.81 10.9857 1043.39 1835.12  1.58292e+49  5.77319e+31  1.45873e+33  10.8  0.178704
1.29161 1.95626 2.24751 1.92259 1.93  12.4901  0.8 10.9857 1063.57 1818.5  1.62913e+49  6.05662e+31  1.44755e+33  10.8  0.178704
 1.2769 1.95799 2.24753 1.92259 1.93  12.5779 0.79 10.9857 1082.72 1801.74  1.67454e+49  6.33754e+31  1.43656e+33  10.8  0.178704
1.26261  1.9597 2.24752 1.92259 1.93  12.6681 0.78 10.9857 1100.81 1784.76  1.71905e+49  6.61472e+31  1.4256e+33  10.8  0.178704
1.24882 1.96138 2.24751 1.92259 1.93  12.7604 0.77 10.9857 1117.86 1767.68  1.76275e+49  6.88789e+31  1.41478e+33  10.8  0.178704
1.23548 1.96308 2.24752 1.92259 1.93  12.8554 0.76 10.9857 1133.99 1750.37  1.80573e+49  7.15762e+31  1.40411e+33  10.8  0.178704
1.22267 1.96478 2.24753 1.92259 1.93  12.9527 0.75 10.9857 1149.25 1732.86  1.84793e+49  7.4235e+31  1.39363e+33  10.8  0.178704
1.21025 1.96645 2.24752 1.92259 1.93  13.0528 0.74 10.9857 1163.67 1715.08  1.88936e+49  7.68516e+31  1.38325e+33  10.8  0.178704
1.19824 1.96812 2.24752 1.92259 1.93  13.1559 0.73 10.9857 1177.22 1697.03  1.93001e+49  7.94192e+31  1.37305e+33  10.8  0.178704
1.18665 1.96978 2.24753 1.92259 1.93  13.2619 0.72 10.9857 1189.97 1678.73  1.96989e+49  8.19384e+31  1.36303e+33  10.8  0.178704
1.17549 1.97144 2.24755 1.92259 1.93  13.3712 0.71 10.9857 1201.99 1660.06  2.00892e+49  8.44057e+31  1.35323e+33  10.8  0.178704
1.16466 1.97302  2.2475 1.92259 1.93   13.484  0.7 10.9857  1213.2 1641.04  2.04696e+49  8.6806e+31  1.34353e+33  10.8  0.178704
1.15427 1.97462 2.24752 1.92259 1.93  13.6004 0.69 10.9857 1223.66 1621.74  2.08425e+49  8.91497e+31  1.33414e+33  10.8  0.178704
1.14429 1.97618 2.24753 1.92259 1.93  13.7207 0.68 10.9857 1233.38 1602.04  2.12041e+49  9.14167e+31  1.32498e+33  10.8  0.178704
1.13469 1.97769  2.2475 1.92259 1.93  13.8454 0.67 10.9857  1242.4 1581.89  2.15549e+49  9.36087e+31  1.31605e+33  10.8  0.178704
1.12558 1.97919 2.24754 1.92259 1.93  13.9744 0.66 10.9857  1250.7 1561.35  2.1893e+49  9.57123e+31  1.30753e+33  10.8  0.178704
1.11691 1.98062 2.24753 1.92259 1.93  14.1085 0.65 10.9857 1258.35 1540.26  2.22174e+49  9.77246e+31  1.29929e+33  10.8  0.178704
1.10875 1.98199 2.24754 1.92259 1.93  14.2474 0.64 10.9857 1265.25 1518.77  2.25262e+49  9.96257e+31  1.29147e+33  10.8  0.178704
1.10107 1.98326 2.24751 1.92259 1.93  14.3924 0.63 10.9857 1271.49 1496.64  2.28173e+49  1.01411e+32  1.28403e+33  10.8  0.178704
1.09405 1.98449 2.24752 1.92259 1.93  14.5432 0.62 10.9857 1277.06   1474  2.30883e+49  1.03065e+32  1.2772e+33  10.8  0.178704
1.08763 1.98558 2.24749 1.92259 1.93  14.7009 0.61 10.9857 1281.94 1450.69  2.33359e+49  1.04568e+32  1.27087e+33  10.8  0.178704
1.08196 1.98659 2.24752 1.92259 1.93  14.8659  0.6 10.9857 1286.14 1426.75  2.35584e+49  1.05911e+32  1.26529e+33  10.8  0.178704
1.07708 1.98742 2.24746 1.92259 1.93  15.0387 0.59 10.9857 1289.62 1402.09  2.37484e+49  1.07055e+32  1.2604e+33  10.8  0.178704
1.07312 1.98817 2.24751 1.92259 1.93  15.2207 0.58 10.9857 1292.42 1376.68  2.3907e+49  1.08003e+32  1.25649e+33  10.8  0.178704
1.07015  1.9887 2.24751 1.92259 1.93  15.4122 0.57 10.9857 1294.44 1350.49  2.40242e+49  1.08703e+32  1.25351e+33  10.8  0.178704
 1.0683 1.98907 2.24756 1.92259 1.93  15.6147 0.56 10.9857 1295.71 1323.47  2.40996e+49  1.09151e+32  1.25169e+33  10.8  0.178704
      2 1.92825 2.25558 1.92825 1.93  10.9392    1 10.9392       0 2225.6  0  0  1.76685e+33  10.8  0.178704
1.88283 1.92967 2.25538 1.92825 1.93  11.0359 0.99 10.9392 266.228 2173.15  3.38372e+48  3.14888e+30  1.73396e+33  10.8  0.178704
1.81746 1.93156 2.25554 1.92825 1.93  11.1118 0.98 10.9392 374.698 2145.69  4.81853e+48  6.3111e+30  1.71361e+33  10.8  0.178704
1.75704 1.93327 2.25554 1.92825 1.93  11.1883 0.97 10.9392 459.292 2120.8  5.97286e+48  9.58914e+30  1.69322e+33  10.8  0.178704
1.70746 1.93496 2.25554 1.92825 1.93  11.2607 0.96 10.9392 527.244 2098.95  6.92953e+48  1.2771e+31  1.67521e+33  10.8  0.178704
1.66444 1.93668 2.25555 1.92825 1.93  11.3322 0.95 10.9392 585.955 2078.72  7.78129e+48  1.59376e+31  1.65851e+33  10.8  0.178704
1.62487 1.93837 2.25557 1.92825 1.93   11.404 0.94 10.9392  638.46 2059.25  8.56489e+48  1.91145e+31  1.64228e+33  10.8  0.178704
1.59046 1.94008 2.25558 1.92825 1.93  11.4745 0.93 10.9392  685.03 2040.97  9.28114e+48  2.22238e+31  1.62729e+33  10.8  0.178704
1.55832 1.94183 2.25568 1.92825 1.93  11.5461 0.92 10.9392 728.246 2023.02  9.96496e+48  2.53666e+31  1.61268e+33  10.8  0.178704
1.52862 1.94344 2.25558 1.92825 1.93  11.6178 0.91 10.9392  767.35 2005.57  1.06026e+49  2.8439e+31  1.59831e+33  10.8  0.178704
1.50131 1.94513 2.25558 1.92825 1.93  11.6903  0.9 10.9392 803.897 1988.49  1.12162e+49  3.15176e+31  1.58454e+33  10.8  0.178704
1.47575 1.94681 2.25557 1.92825 1.93  11.7636 0.89 10.9392 837.982 1971.63  1.18054e+49  3.458e+31  1.57109e+33  10.8  0.178704
1.45205 1.94854  2.2556 1.92825 1.93  11.8377 0.88 10.9392 869.747 1955.01  1.23719e+49  3.76129e+31  1.55809e+33  10.8  0.178704
1.42949 1.95022 2.25559 1.92825 1.93  11.9132 0.87 10.9392 899.752 1938.41  1.29225e+49  4.06423e+31  1.54519e+33  10.8  0.178704
1.40846 1.95192 2.25557 1.92825 1.93  11.9893 0.86 10.9392 927.751 1922.03  1.34533e+49  4.36283e+31  1.53269e+33  10.8  0.178704
1.38818 1.95362 2.25556 1.92825 1.93  12.0675 0.85 10.9392 954.369 1905.51  1.39738e+49  4.66163e+31  1.52021e+33  10.8  0.178704
1.36919 1.95532 2.25556 1.92825 1.93  12.1466 0.84 10.9392 979.268 1889.19  1.44775e+49  4.95567e+31  1.50811e+33  10.8  0.178704
1.35087 1.95702 2.25556 1.92825 1.93  12.2277 0.83 10.9392 1002.97 1872.74  1.49729e+49  5.24935e+31  1.49608e+33  10.8  0.178704
1.33357 1.95874 2.25557 1.92825 1.93    12.31 0.82 10.9392 1025.34 1856.31  1.54558e+49  5.53946e+31  1.48434e+33  10.8  0.178704
1.31698 1.96049 2.25559 1.92825 1.93  12.3945 0.81 10.9392 1046.64 1839.68  1.59306e+49  5.82825e+31  1.47272e+33  10.8  0.178704
 1.3011 1.96221 2.25557 1.92825 1.93  12.4805  0.8 10.9392 1066.82 1822.96  1.63955e+49  6.11396e+31  1.46127e+33  10.8  0.178704
1.28586 1.96393 2.25555 1.92825 1.93  12.5686 0.79 10.9392 1085.93 1806.08  1.68517e+49  6.39668e+31  1.44997e+33  10.8  0.178704
1.27117 1.96569 2.25559 1.92825 1.93  12.6589 0.78 10.9392 1104.05 1789.03  1.73003e+49  6.67648e+31  1.43885e+33  10.8  0.178704
  1.257 1.96739 2.25558 1.92825 1.93  12.7515 0.77 10.9392  1121.1 1771.85  1.77398e+49  6.95184e+31  1.42783e+33  10.8  0.178704
1.24326  1.9691 2.25559 1.92825 1.93  12.8466 0.76 10.9392  1137.2 1754.46  1.8172e+49  7.22355e+31  1.41692e+33  10.8  0.178704
1.23008  1.9708 2.25558 1.92825 1.93  12.9441 0.75 10.9392 1152.43 1736.87  1.85962e+49  7.49116e+31  1.40619e+33  10.8  0.178704
1.21733 1.97249 2.25557 1.92825 1.93  13.0445 0.74 10.9392 1166.85 1718.98  1.9013e+49  7.75483e+31  1.39562e+33  10.8  0.178704
1.20507 1.97417 2.25557 1.92825 1.93  13.1475 0.73 10.9392 1180.38 1700.89  1.94219e+49  8.01352e+31  1.38524e+33  10.8  0.178704
1.19317 1.97584 2.25557 1.92825 1.93  13.2538 0.72 10.9392 1193.11 1682.49  1.98228e+49  8.26712e+31  1.37501e+33  10.8  0.178704
1.18179  1.9775 2.25558 1.92825 1.93  13.3631 0.71 10.9392 1205.11 1663.79  2.02156e+49  8.51569e+31  1.36504e+33  10.8  0.178704
1.17079 1.97915 2.25559 1.92825 1.93  13.4759  0.7 10.9392 1216.34 1644.73  2.05991e+49  8.75815e+31  1.35527e+33  10.8  0.178704
1.16016 1.98073 2.25558 1.92825 1.93  13.5924 0.69 10.9392 1226.77 1625.35  2.09736e+49  8.99384e+31  1.34566e+33  10.8  0.178704
1.14998 1.98231 2.25558 1.92825 1.93  13.7127 0.68 10.9392 1236.47 1605.6  2.13375e+49  9.22222e+31  1.33635e+33  10.8  0.178704
 1.1402 1.98385 2.25558 1.92825 1.93  13.8376 0.67 10.9392 1245.47 1585.38  2.16906e+49  9.44304e+31  1.32728e+33  10.8  0.178704
1.13091 1.98533 2.25557 1.92825 1.93  13.9665 0.66 10.9392 1253.74 1564.8  2.20303e+49  9.65465e+31  1.31856e+33  10.8  0.178704
1.12212 1.98678 2.25559 1.92825 1.93  14.1005 0.65 10.9392 1261.39 1543.66  2.23569e+49  9.85758e+31  1.31023e+33  10.8  0.178704
 1.1138 1.98814 2.25557 1.92825 1.93  14.2394 0.64 10.9392 1268.26 1522.12  2.26672e+49  1.00488e+32  1.30224e+33  10.8  0.178704
1.10602 1.98945 2.25557 1.92825 1.93  14.3843 0.63 10.9392 1274.49 1499.96  2.29608e+49  1.0229e+32  1.29473e+33  10.8  0.178704
1.09888 1.99069 2.25559 1.92825 1.93   14.535 0.62 10.9392 1280.05 1477.29  2.32337e+49  1.03957e+32  1.2878e+33  10.8  0.178704
1.09237 1.99179 2.25556 1.92825 1.93  14.6926 0.61 10.9392 1284.92 1453.93  2.34828e+49  1.05471e+32  1.28138e+33  10.8  0.178704
1.08661 1.99283  2.2556 1.92825 1.93  14.8574  0.6 10.9392  1289.1 1429.96  2.37072e+49  1.06826e+32  1.27572e+33  10.8  0.178704
1.08169  1.9937 2.25559 1.92825 1.93    15.03 0.59 10.9392  1292.6 1405.28  2.38993e+49  1.07983e+32  1.2708e+33  10.8  0.178704
1.07763 1.99443 2.25561 1.92825 1.93  15.2118 0.58 10.9392 1295.36 1379.81  2.40582e+49  1.08934e+32  1.26677e+33  10.8  0.178704
1.07461 1.99493 2.25556 1.92825 1.93  15.4029 0.57 10.9392 1297.38 1353.59  2.41757e+49  1.09636e+32  1.2637e+33  10.8  0.178704
1.07272 1.99529 2.25558 1.92825 1.93  15.6051 0.56 10.9392 1298.63 1326.53  2.42512e+49  1.10085e+32  1.26182e+33  10.8  0.178704
