    0.4 0.650816 0.674316 0.650816 2.94    12.96    1  12.96       0 1002.6  0  0  1.17133e+32  13.9  0.211511
0.399393 0.650859 0.67426 0.650816 2.94  13.0315 0.99  12.96 121.849 993.409  4.30126e+47  1.832e+29  1.16882e+32  13.9  0.211511
0.398793 0.650949 0.674258 0.650816 2.94  13.1046 0.98  12.96 171.892 985.52  6.10502e+47  3.66818e+29  1.1665e+32  13.9  0.211511
0.398189 0.651043 0.674258 0.650816 2.94  13.1797 0.97  12.96 209.886 977.732  7.50038e+47  5.50271e+29  1.16417e+32  13.9  0.211511
0.397578 0.651125 0.674245 0.650816 2.94  13.2567 0.96  12.96 241.594 969.919  8.68644e+47  7.3356e+29  1.16178e+32  13.9  0.211511
0.396966 0.651217 0.674242 0.650816 2.94  13.3358 0.95  12.96 269.218 962.046  9.73937e+47  9.16524e+29  1.1594e+32  13.9  0.211511
0.396352 0.651325 0.674256 0.650816 2.94   13.417 0.94  12.96 293.878 954.098  1.06977e+48  1.09892e+30  1.15705e+32  13.9  0.211511
0.395728 0.651399 0.674233 0.650816 2.94  13.5004 0.93  12.96 316.267 946.029  1.15837e+48  1.28059e+30  1.15457e+32  13.9  0.211511
0.395108 0.651511 0.674251 0.650816 2.94  13.5861 0.92  12.96 336.831 937.874  1.24142e+48  1.46164e+30  1.15221e+32  13.9  0.211511
0.394481  0.6516 0.674245 0.650816 2.94  13.6743 0.91  12.96  355.86 929.587  1.31972e+48  1.64161e+30  1.14977e+32  13.9  0.211511
0.393856 0.651712 0.674263 0.650816 2.94   13.765  0.9  12.96 373.583 921.18  1.39416e+48  1.82058e+30  1.14738e+32  13.9  0.211511
0.393227 0.651806 0.674262 0.650816 2.94  13.8584 0.89  12.96 390.179 912.621  1.46517e+48  1.9983e+30  1.14494e+32  13.9  0.211511
0.392604 0.651928 0.674291 0.650816 2.94  13.9546 0.88  12.96 405.781 903.929  1.53331e+48  2.17485e+30  1.14257e+32  13.9  0.211511
0.391978 0.652032 0.674301 0.650816 2.94  14.0538 0.87  12.96 420.471 895.072  1.59869e+48  2.34968e+30  1.14014e+32  13.9  0.211511
0.391351 0.652133 0.674308 0.650816 2.94  14.1561 0.86  12.96  434.33 886.048  1.6616e+48  2.52264e+30  1.13771e+32  13.9  0.211511
0.39073 0.652246 0.674328 0.650816 2.94  14.2616 0.85  12.96 447.428 876.883  1.7223e+48  2.69364e+30  1.13533e+32  13.9  0.211511
0.390112 0.652362 0.674353 0.650816 2.94  14.3705 0.84  12.96 459.817 867.553  1.78091e+48  2.86243e+30  1.13297e+32  13.9  0.211511
0.389493 0.652447 0.674345 0.650816 2.94  14.4832 0.83  12.96 471.533 858.014  1.8373e+48  3.02832e+30  1.13051e+32  13.9  0.211511
0.388889 0.652575 0.674384 0.650816 2.94  14.5996 0.82  12.96 482.644 848.328  1.892e+48  3.19196e+30  1.12822e+32  13.9  0.211511
0.388283 0.652658 0.674376 0.650816 2.94    14.72 0.81  12.96 493.139 838.434  1.94455e+48  3.35194e+30  1.12581e+32  13.9  0.211511
0.387691 0.652768  0.6744 0.650816 2.94  14.8448  0.8  12.96 503.074 828.353  1.99537e+48  3.50884e+30  1.12353e+32  13.9  0.211511
0.387107 0.65286 0.674405 0.650816 2.94   14.974 0.79  12.96 512.451 818.08  2.04422e+48  3.66175e+30  1.12123e+32  13.9  0.211511
0.386536 0.65296 0.67442 0.650816 2.94  15.1081 0.78  12.96 521.299 807.597  2.09123e+48  3.81063e+30  1.11899e+32  13.9  0.211511
0.385975 0.65304 0.674417 0.650816 2.94  15.2471 0.77  12.96  529.62 796.91  2.13623e+48  3.95477e+30  1.11675e+32  13.9  0.211511
0.385434 0.65314 0.674438 0.650816 2.94  15.3916 0.76  12.96 537.439 786.021  2.1794e+48  4.09425e+30  1.11465e+32  13.9  0.211511
0.384908 0.653106 0.674318 0.650816 2.94  15.5418 0.75  12.96 544.711 774.832  2.21967e+48  4.22633e+30  1.11218e+32  13.9  0.211511
0.384422 0.653185 0.674322 0.650816 2.94   15.698 0.74  12.96 551.536  763.5  2.25861e+48  4.35436e+30  1.11016e+32  13.9  0.211511
0.383955 0.653256 0.674321 0.650816 2.94  15.8607 0.73  12.96 557.861 751.947  2.29535e+48  4.47592e+30  1.10822e+32  13.9  0.211511
0.383513 0.653335 0.674334 0.650816 2.94  16.0301 0.72  12.96 563.705 740.18  2.32991e+48  4.59091e+30  1.10641e+32  13.9  0.211511
0.383098 0.653399 0.674334 0.650816 2.94  16.2068 0.71  12.96 569.067 728.175  2.36198e+48  4.69838e+30  1.10466e+32  13.9  0.211511
0.382707 0.653442 0.674316 0.650816 2.94  16.3912  0.7  12.96 573.925 715.939  2.39148e+48  4.79766e+30  1.10298e+32  13.9  0.211511
0.382351 0.653504 0.674324 0.650816 2.94  16.5837 0.69  12.96 578.309 703.499  2.41856e+48  4.88905e+30  1.10151e+32  13.9  0.211511
0.382027 0.653542 0.674312 0.650816 2.94  16.7851 0.68  12.96 582.193 690.812  2.44271e+48  4.97105e+30  1.10011e+32  13.9  0.211511
0.38174 0.653591 0.674317 0.650816 2.94  16.9956 0.67  12.96 585.587 677.93  2.46421e+48  5.04403e+30  1.09892e+32  13.9  0.211511
0.381492 0.65363 0.674318 0.650816 2.94   17.216 0.66  12.96  588.48 664.817  2.48262e+48  5.10681e+30  1.09788e+32  13.9  0.211511
0.381285 0.65367 0.674327 0.650816 2.94  17.4468 0.65  12.96 590.867 651.51  2.49805e+48  5.15939e+30  1.09703e+32  13.9  0.211511
0.38112 0.653687 0.674318 0.650816 2.94  17.6888 0.64  12.96 592.735 637.983  2.51008e+48  5.20064e+30  1.0963e+32  13.9  0.211511
0.380999 0.653706 0.674319 0.650816 2.94  17.9423 0.63  12.96 594.089 624.283  2.51893e+48  5.23091e+30  1.0958e+32  13.9  0.211511
0.380926 0.653726 0.674327 0.650816 2.94  18.2083 0.62  12.96 594.925 610.403  2.5244e+48  5.24963e+30  1.09551e+32  13.9  0.211511
0.380894 0.653708 0.674304 0.650816 2.94  18.4874 0.61  12.96  595.22 596.356  2.52627e+48  5.25613e+30  1.09532e+32  13.9  0.211511
    0.5 1.44232 1.57898 1.44232 2.94  13.6516    1 13.6516       0 1380.59  0  0  5.68235e+32  13.9  0.211511
0.499221 1.44289   1.579 1.44232 2.94  13.7092 0.99 13.6516 158.032 1366.27  1.92159e+48  1.06149e+30  5.66817e+32  13.9  0.211511
0.498442 1.44341 1.57897 1.44232 2.94   13.768 0.98 13.6516 223.708 1356.99  2.73735e+48  2.14053e+30  5.65382e+32  13.9  0.211511
0.497659 1.44402 1.57903 1.44232 2.94  13.8282 0.97 13.6516  273.79 1348.46  3.37171e+48  3.22683e+30  5.63988e+32  13.9  0.211511
0.496857 1.44454 1.57898 1.44232 2.94  13.8897 0.96 13.6516 315.622 1340.21  3.91171e+48  4.31561e+30  5.62497e+32  13.9  0.211511
0.496052 1.44512   1.579 1.44232 2.94  13.9526 0.95 13.6516 352.178 1332.11  4.39326e+48  5.40826e+30  5.61033e+32  13.9  0.211511
0.495235 1.44571 1.57902 1.44232 2.94   14.017 0.94 13.6516 384.959 1324.07  4.8338e+48  6.50447e+30  5.59548e+32  13.9  0.211511
0.494406 1.44627   1.579 1.44232 2.94  14.0828 0.93 13.6516 414.824 1316.03  5.24324e+48  7.60277e+30  5.58014e+32  13.9  0.211511
0.493568 1.44684 1.57899 1.44232 2.94  14.1503 0.92 13.6516 442.408 1307.94  5.62928e+48  8.70531e+30  5.56469e+32  13.9  0.211511
0.492722 1.44743   1.579 1.44232 2.94  14.2194 0.91 13.6516 468.052 1299.8  5.99582e+48  9.8096e+30  5.54909e+32  13.9  0.211511
0.491863 1.44802 1.57899 1.44232 2.94  14.2903  0.9 13.6516 492.065 1291.56  6.34633e+48  1.09158e+31  5.53318e+32  13.9  0.211511
0.490995  1.4486 1.57897 1.44232 2.94  14.3629 0.89 13.6516 514.654 1283.22  6.68328e+48  1.2023e+31  5.51704e+32  13.9  0.211511
0.490121 1.44921 1.57899 1.44232 2.94  14.4374 0.88 13.6516 535.986 1274.79  7.00877e+48  1.31312e+31  5.50091e+32  13.9  0.211511
0.489234  1.4498 1.57897 1.44232 2.94  14.5138 0.87 13.6516 556.205 1266.22  7.32401e+48  1.42394e+31  5.48433e+32  13.9  0.211511
0.488338  1.4504 1.57896 1.44232 2.94  14.5924 0.86 13.6516 575.418 1257.49  7.63045e+48  1.53477e+31  5.46762e+32  13.9  0.211511
0.487438 1.45103 1.57898 1.44232 2.94  14.6732 0.85 13.6516 593.721 1248.63  7.92938e+48  1.64562e+31  5.45094e+32  13.9  0.211511
0.48653 1.45166 1.57899 1.44232 2.94  14.7562 0.84 13.6516 611.171 1239.6  8.22113e+48  1.75632e+31  5.43405e+32  13.9  0.211511
0.485613 1.45228 1.57899 1.44232 2.94  14.8415 0.83 13.6516 627.837 1230.38  8.50638e+48  1.86681e+31  5.4169e+32  13.9  0.211511
0.484692 1.45295 1.57905 1.44232 2.94  14.9295 0.82 13.6516 643.761 1220.99  8.78603e+48  1.97709e+31  5.39992e+32  13.9  0.211511
0.483757 1.45354   1.579 1.44232 2.94    15.02 0.81 13.6516 658.979 1211.38  9.0592e+48  2.08675e+31  5.38214e+32  13.9  0.211511
0.482822 1.45417   1.579 1.44232 2.94  15.1133  0.8 13.6516 673.546 1201.57  9.32763e+48  2.19608e+31  5.36455e+32  13.9  0.211511
0.481878 1.45477 1.57897 1.44232 2.94  15.2096 0.79 13.6516 687.487 1191.51  9.59069e+48  2.30474e+31  5.34659e+32  13.9  0.211511
0.480933  1.4554 1.57896 1.44232 2.94   15.309 0.78 13.6516 700.819 1181.24  9.84919e+48  2.41277e+31  5.32874e+32  13.9  0.211511
0.479987 1.45602 1.57896 1.44232 2.94  15.4116 0.77 13.6516 713.568 1170.73  1.0103e+49  2.51996e+31  5.31082e+32  13.9  0.211511
0.479042 1.45671 1.57902 1.44232 2.94  15.5179 0.76 13.6516 725.756 1159.97  1.03528e+49  2.62637e+31  5.29323e+32  13.9  0.211511
0.478091 1.45731 1.57899 1.44232 2.94  15.6277 0.75 13.6516 737.381 1148.92  1.05969e+49  2.73135e+31  5.27506e+32  13.9  0.211511
0.477142 1.45791 1.57897 1.44232 2.94  15.7415 0.74 13.6516  748.47 1137.6  1.08363e+49  2.83506e+31  5.25694e+32  13.9  0.211511
0.476201 1.45856   1.579 1.44232 2.94  15.8596 0.73 13.6516 759.036 1125.97  1.10713e+49  2.93744e+31  5.23918e+32  13.9  0.211511
0.475268 1.45921 1.57904 1.44232 2.94  15.9822 0.72 13.6516   769.1 1114.02  1.13014e+49  3.03825e+31  5.22158e+32  13.9  0.211511
0.474336 1.45978 1.57899 1.44232 2.94  16.1097 0.71 13.6516 778.632 1101.71  1.15248e+49  3.13671e+31  5.20357e+32  13.9  0.211511
0.473422 1.46042 1.57903 1.44232 2.94  16.2423  0.7 13.6516 787.667 1089.08  1.17435e+49  3.23333e+31  5.18627e+32  13.9  0.211511
0.47252   1.461 1.57903 1.44232 2.94  16.3805 0.69 13.6516 796.182 1076.06  1.19555e+49  3.32726e+31  5.16898e+32  13.9  0.211511
0.471633 1.46155 1.57899 1.44232 2.94  16.5248 0.68 13.6516 804.183 1062.62  1.21599e+49  3.41816e+31  5.15181e+32  13.9  0.211511
0.470776 1.46215 1.57904 1.44232 2.94  16.6757 0.67 13.6516 811.687 1048.79  1.23578e+49  3.50622e+31  5.13553e+32  13.9  0.211511
0.469941 1.46266   1.579 1.44232 2.94  16.8337 0.66 13.6516 818.656 1034.49  1.25462e+49  3.59023e+31  5.1193e+32  13.9  0.211511
0.469143  1.4632 1.57903 1.44232 2.94  16.9995 0.65 13.6516 825.101 1019.73  1.2726e+49  3.67036e+31  5.10402e+32  13.9  0.211511
0.46838 1.46363 1.57897 1.44232 2.94  17.1737 0.64 13.6516 830.993 1004.45  1.2894e+49  3.74535e+31  5.08902e+32  13.9  0.211511
0.467675 1.46414 1.57901 1.44232 2.94  17.3573 0.63 13.6516 836.354 988.649  1.30515e+49  3.81556e+31  5.07557e+32  13.9  0.211511
0.467017 1.46455   1.579 1.44232 2.94   17.551 0.62 13.6516 841.116 972.295  1.31949e+49  3.87946e+31  5.0628e+32  13.9  0.211511
0.466424 1.46487 1.57894 1.44232 2.94  17.7561 0.61 13.6516 845.272 955.302  1.3322e+49  3.93618e+31  5.051e+32  13.9  0.211511
0.465915 1.46525 1.57899 1.44232 2.94  17.9736  0.6 13.6516 848.822 937.73  1.3434e+49  3.98594e+31  5.04136e+32  13.9  0.211511
0.46549 1.46554 1.57901 1.44232 2.94  18.2048 0.59 13.6516 851.699  919.5  1.35264e+49  4.02695e+31  5.03317e+32  13.9  0.211511
0.465163 1.46575   1.579 1.44232 2.94  18.4513 0.58 13.6516 853.873 900.568  1.35965e+49  4.05815e+31  5.02677e+32  13.9  0.211511
0.464944 1.46587 1.57899 1.44232 2.94  18.7146 0.57 13.6516 855.282 880.936  1.36427e+49  4.07868e+31  5.02244e+32  13.9  0.211511
0.464851 1.46596 1.57901 1.44232 2.94  18.9964 0.56 13.6516 855.906 860.611  1.36635e+49  4.08787e+31  5.02076e+32  13.9  0.211511
    0.6 2.18689 2.52806 2.18689 2.94  14.2867    1 14.2867       0 1587.91  0  0  1.42813e+33  13.9  0.211511
0.597314 2.18827 2.52783 2.18689 2.94   14.341 0.99 14.2867 182.422 1566.1  4.39093e+48  2.7999e+30  1.42312e+33  13.9  0.211511
0.594703 2.18973 2.52785 2.18689 2.94  14.3957 0.98 14.2867 259.662 1554.41  6.28817e+48  5.70744e+30  1.4185e+33  13.9  0.211511
0.59217 2.19115  2.5278 2.18689 2.94  14.4513 0.97 14.2867   317.6 1544.43  7.73877e+48  8.59134e+30  1.41381e+33  13.9  0.211511
0.589689 2.19259 2.52773 2.18689 2.94  14.5084 0.96 14.2867 366.199 1535.17  8.97897e+48  1.14935e+31  1.40902e+33  13.9  0.211511
0.587186  2.1938 2.52735 2.18689 2.94  14.5667 0.95 14.2867  408.79 1526.24  1.00844e+49  1.44099e+31  1.40379e+33  13.9  0.211511
0.584789 2.19504 2.52698 2.18689 2.94   14.626 0.94 14.2867 446.689 1517.63  1.1088e+49  1.73127e+31  1.39857e+33  13.9  0.211511
0.582451 2.19633 2.52666 2.18689 2.94  14.6868 0.93 14.2867 481.462 1509.14  1.20265e+49  2.024e+31  1.39333e+33  13.9  0.211511
0.580234 2.19785 2.52664 2.18689 2.94   14.749 0.92 14.2867 513.445 1500.8  1.2909e+49  2.31683e+31  1.38836e+33  13.9  0.211511
0.57827 2.20031 2.52784 2.18689 2.94  14.8133 0.91 14.2867 543.346 1492.71  1.37607e+49  2.61351e+31  1.38471e+33  13.9  0.211511
0.576319 2.20263 2.52885 2.18689 2.94   14.879  0.9 14.2867 571.406 1484.57  1.45764e+49  2.91141e+31  1.38075e+33  13.9  0.211511
0.574422 2.20493  2.5298 2.18689 2.94  14.9461 0.89 14.2867 597.727 1476.4  1.53593e+49  3.20909e+31  1.37668e+33  13.9  0.211511
0.57255 2.20691  2.5303 2.18689 2.94  15.0148 0.88 14.2867 622.672 1468.07  1.61138e+49  3.50724e+31  1.37201e+33  13.9  0.211511
0.570753 2.20699 2.52826 2.18689 2.94  15.0837 0.87 14.2867 646.021 1459.27  1.68141e+49  3.7969e+31  1.36455e+33  13.9  0.211511
0.569191 2.20862 2.52827 2.18689 2.94  15.1556 0.86 14.2867 668.464 1450.69  1.75198e+49  4.09369e+31  1.35924e+33  13.9  0.211511
0.567646 2.21025 2.52826 2.18689 2.94  15.2292 0.85 14.2867 689.796   1442  1.8206e+49  4.38979e+31  1.35386e+33  13.9  0.211511
0.566129 2.21197 2.52835 2.18689 2.94  15.3048 0.84 14.2867 710.177 1433.2  1.88787e+49  4.68648e+31  1.34853e+33  13.9  0.211511
0.564615 2.21362 2.52833 2.18689 2.94  15.3824 0.83 14.2867 729.638 1424.25  1.95354e+49  4.98241e+31  1.34302e+33  13.9  0.211511
0.563114 2.21524 2.52827 2.18689 2.94   15.462 0.82 14.2867  748.23 1415.14  2.01784e+49  5.27752e+31  1.33741e+33  13.9  0.211511
0.561623 2.21693 2.52827 2.18689 2.94   15.544 0.81 14.2867  766.06 1405.85  2.08109e+49  5.57266e+31  1.3318e+33  13.9  0.211511
0.560151 2.21863 2.52829 2.18689 2.94  15.6281  0.8 14.2867 783.097 1396.4  2.14319e+49  5.86658e+31  1.32618e+33  13.9  0.211511
0.558686 2.22037 2.52833 2.18689 2.94  15.7149 0.79 14.2867 799.467 1386.73  2.20444e+49  6.16037e+31  1.32051e+33  13.9  0.211511
0.557224 2.22206  2.5283 2.18689 2.94  15.8041 0.78 14.2867 815.091 1376.85  2.26444e+49  6.45171e+31  1.31473e+33  13.9  0.211511
0.555779 2.22388 2.52844 2.18689 2.94  15.8961 0.77 14.2867 830.107 1366.77  2.32394e+49  6.74324e+31  1.30907e+33  13.9  0.211511
0.554339 2.22564  2.5285 2.18689 2.94  15.9909 0.76 14.2867 844.425 1356.48  2.38231e+49  7.03182e+31  1.3033e+33  13.9  0.211511
 0.5529 2.22744  2.5286 2.18689 2.94  16.0889 0.75 14.2867 858.159 1345.9  2.43998e+49  7.31918e+31  1.29751e+33  13.9  0.211511
0.551467 2.22917 2.52863 2.18689 2.94  16.1899 0.74 14.2867 871.247 1335.08  2.49658e+49  7.60317e+31  1.29164e+33  13.9  0.211511
0.550039 2.23095  2.5287 2.18689 2.94  16.2946 0.73 14.2867 883.785 1323.95  2.55251e+49  7.88539e+31  1.28577e+33  13.9  0.211511
0.548623 2.23273 2.52878 2.18689 2.94  16.4026 0.72 14.2867  895.72 1312.55  2.6075e+49  8.16404e+31  1.27991e+33  13.9  0.211511
0.547203 2.23444 2.52878 2.18689 2.94  16.5147 0.71 14.2867 907.104 1300.78  2.66155e+49  8.43917e+31  1.27395e+33  13.9  0.211511
0.545772 2.23586 2.52842 2.18689 2.94  16.6305  0.7 14.2867 917.856 1288.65  2.71392e+49  8.70723e+31  1.26767e+33  13.9  0.211511
0.54435 2.23732 2.52812 2.18689 2.94  16.7509 0.69 14.2867 928.077 1276.14  2.76545e+49  8.97135e+31  1.26145e+33  13.9  0.211511
0.542944 2.23873 2.52779 2.18689 2.94  16.8758 0.68 14.2867 937.728 1263.27  2.81579e+49  9.22964e+31  1.25525e+33  13.9  0.211511
0.541552 2.24016 2.52751 2.18689 2.94  17.0061 0.67 14.2867 946.847 1249.97  2.86507e+49  9.48252e+31  1.24913e+33  13.9  0.211511
0.54018 2.24152 2.52717 2.18689 2.94  17.1416 0.66 14.2867 955.401 1236.24  2.91296e+49  9.7281e+31  1.24306e+33  13.9  0.211511
0.538837 2.24291 2.52693 2.18689 2.94  17.2832 0.65 14.2867 963.429 1222.06  2.95962e+49  9.967e+31  1.23717e+33  13.9  0.211511
0.537529 2.24529 2.52798 2.18689 2.94  17.4314 0.64 14.2867 971.077 1207.6  3.00743e+49  1.02084e+32  1.23264e+33  13.9  0.211511
0.536188  2.2469 2.52811 2.18689 2.94  17.5863 0.63 14.2867 978.054 1192.44  3.05148e+49  1.04323e+32  1.2274e+33  13.9  0.211511
0.534887 2.24832 2.52809 2.18689 2.94   17.749 0.62 14.2867 984.447 1176.66  3.09322e+49  1.06442e+32  1.22222e+33  13.9  0.211511
0.533651 2.24967 2.52808 2.18689 2.94  17.9199 0.61 14.2867 990.249 1160.29  3.13257e+49  1.08431e+32  1.2173e+33  13.9  0.211511
0.532494 2.25094 2.52806 2.18689 2.94  18.1005  0.6 14.2867 995.473 1143.2  3.16917e+49  1.10277e+32  1.21267e+33  13.9  0.211511
0.531438 2.25212 2.52807 2.18689 2.94  18.2912 0.59 14.2867 1000.08 1125.4  3.20256e+49  1.11955e+32  1.20846e+33  13.9  0.211511
0.530496 2.25319  2.5281 2.18689 2.94  18.4937 0.58 14.2867 1004.05 1106.79  3.23234e+49  1.13443e+32  1.20472e+33  13.9  0.211511
0.529688 2.25408  2.5281 2.18689 2.94  18.7096 0.57 14.2867 1007.33 1087.29  3.25753e+49  1.14701e+32  1.20149e+33  13.9  0.211511
0.529043 2.25478 2.52808 2.18689 2.94    18.94 0.56 14.2867 1009.88 1066.87  3.27763e+49  1.15701e+32  1.1989e+33  13.9  0.211511
0.528585 2.25524 2.52804 2.18689 2.94  19.1878 0.55 14.2867 1011.63 1045.38  3.29163e+49  1.16397e+32  1.19703e+33  13.9  0.211511
0.528354 2.25553 2.52807 2.18689 2.94  19.4546 0.54 14.2867 1012.52 1022.87  3.29897e+49  1.16759e+32  1.19613e+33  13.9  0.211511
    0.7 2.48644 2.94386 2.48644 2.94  14.4029    1 14.4029       0 1672.72  0  0  1.98995e+33  13.9  0.211511
0.69597 2.48846 2.94387 2.48644 2.94  14.4585 0.99 14.4029 194.808 1646.1  5.77019e+48  3.9292e+30  1.98094e+33  13.9  0.211511
0.692244 2.49054 2.94388 2.48644 2.94  14.5151 0.98 14.4029 276.689 1632.61  8.24886e+48  7.978e+30  1.97257e+33  13.9  0.211511
0.688455 2.49262 2.94387 2.48644 2.94  14.5728 0.97 14.4029 339.029 1621.15  1.01733e+49  1.20561e+31  1.96403e+33  13.9  0.211511
0.684653 2.49469 2.94384 2.48644 2.94  14.6314 0.96 14.4029 390.935 1610.73  1.18081e+49  1.61359e+31  1.95542e+33  13.9  0.211511
0.680844 2.49681 2.94383 2.48644 2.94  14.6913 0.95 14.4029 436.191 1600.91  1.3263e+49  2.02221e+31  1.94679e+33  13.9  0.211511
0.676985 2.49895 2.94384 2.48644 2.94  14.7526 0.94 14.4029 476.817 1591.41  1.45956e+49  2.43267e+31  1.93808e+33  13.9  0.211511
0.673145 2.50113 2.94388 2.48644 2.94  14.8149 0.93 14.4029 513.673 1582.21  1.58311e+49  2.84254e+31  1.92938e+33  13.9  0.211511
0.669268 2.50328 2.94384 2.48644 2.94  14.8787 0.92 14.4029 547.685 1573.13  1.69952e+49  3.2536e+31  1.92051e+33  13.9  0.211511
0.665382 2.50548 2.94385 2.48644 2.94  14.9437 0.91 14.4029 579.259 1564.14  1.80993e+49  3.66474e+31  1.91163e+33  13.9  0.211511
 0.6615 2.50768 2.94385 2.48644 2.94  15.0102  0.9 14.4029 608.762 1555.22  1.91543e+49  4.07589e+31  1.9027e+33  13.9  0.211511
0.657602  2.5099 2.94384 2.48644 2.94  15.0781 0.89 14.4029 636.554 1546.3  2.01703e+49  4.48803e+31  1.8937e+33  13.9  0.211511
0.653708 2.51213 2.94382 2.48644 2.94  15.1475 0.88 14.4029 662.736 1537.36  2.11497e+49  4.89952e+31  1.88465e+33  13.9  0.211511
0.649791 2.51438 2.94381 2.48644 2.94  15.2186 0.87 14.4029 687.561 1528.37  2.20996e+49  5.31133e+31  1.87551e+33  13.9  0.211511
0.645917 2.51671 2.94389 2.48644 2.94  15.2912 0.86 14.4029 711.082 1519.37  2.30227e+49  5.72248e+31  1.86651e+33  13.9  0.211511
0.642029 2.51898 2.94388 2.48644 2.94  15.3655 0.85 14.4029 733.467 1510.27  2.39218e+49  6.13315e+31  1.85732e+33  13.9  0.211511
0.638141 2.52126 2.94386 2.48644 2.94  15.4417 0.84 14.4029 754.775 1501.08  2.47988e+49  6.54269e+31  1.84805e+33  13.9  0.211511
0.634273 2.52356 2.94385 2.48644 2.94  15.5196 0.83 14.4029 775.098 1491.81  2.56571e+49  6.9514e+31  1.8388e+33  13.9  0.211511
0.630411 2.52588 2.94386 2.48644 2.94  15.5995 0.82 14.4029 794.519 1482.42  2.64986e+49  7.3593e+31  1.82952e+33  13.9  0.211511
0.626548 2.52819 2.94384 2.48644 2.94  15.6815 0.81 14.4029 813.066 1472.88  2.73233e+49  7.76545e+31  1.82016e+33  13.9  0.211511
0.622733 2.53063 2.94398 2.48644 2.94  15.7656  0.8 14.4029 830.846 1463.24  2.81369e+49  8.17156e+31  1.81099e+33  13.9  0.211511
0.618973 2.53322  2.9443 2.48644 2.94  15.8519 0.79 14.4029 847.868 1453.46  2.894e+49  8.57699e+31  1.80206e+33  13.9  0.211511
0.615207 2.53579  2.9446 2.48644 2.94  15.9407 0.78 14.4029 864.179 1443.48  2.97303e+49  8.98073e+31  1.79304e+33  13.9  0.211511
0.611217 2.53737 2.94353 2.48644 2.94  16.0315 0.77 14.4029 879.604 1433.11  3.04832e+49  9.37252e+31  1.78229e+33  13.9  0.211511
0.607122 2.53899 2.94252 2.48644 2.94   16.125 0.76 14.4029 894.376 1422.53  3.12248e+49  9.76175e+31  1.77161e+33  13.9  0.211511
0.603019 2.54215 2.94359 2.48644 2.94  16.2215 0.75 14.4029 908.749 1412.08  3.19945e+49  1.01631e+32  1.76358e+33  13.9  0.211511
0.598785 2.54455 2.94361 2.48644 2.94  16.3209 0.74 14.4029 922.377 1401.2  3.27335e+49  1.05538e+32  1.75422e+33  13.9  0.211511
0.594704 2.54688 2.94354 2.48644 2.94  16.4231 0.73 14.4029 935.375 1390.07  3.34596e+49  1.09399e+32  1.7448e+33  13.9  0.211511
0.590812 2.54923 2.94352 2.48644 2.94  16.5287 0.72 14.4029 947.794 1378.65  3.41756e+49  1.13224e+32  1.73544e+33  13.9  0.211511
0.587081 2.55129 2.94311 2.48644 2.94  16.6375 0.71 14.4029 959.559 1366.9  3.48719e+49  1.16965e+32  1.72566e+33  13.9  0.211511
0.583513 2.55305 2.94232 2.48644 2.94  16.7501  0.7 14.4029   970.7 1354.77  3.55482e+49  1.20618e+32  1.71548e+33  13.9  0.211511
0.580209  2.5549 2.94168 2.48644 2.94  16.8666 0.69 14.4029 981.278 1342.35  3.6215e+49  1.24219e+32  1.70557e+33  13.9  0.211511
0.577467 2.55871 2.94367 2.48644 2.94   16.988 0.68 14.4029 991.644 1329.94  3.69269e+49  1.27999e+32  1.69881e+33  13.9  0.211511
0.570165 2.56583 2.94413 2.48644 2.94  17.3798 0.65 14.4029 1018.64 1289.45  3.88533e+49  1.38343e+32  1.67272e+33  13.9  0.211511
0.568236 2.56802 2.94416 2.48644 2.94  17.5214 0.64 14.4029 1026.49   1275  3.94572e+49  1.41576e+32  1.6642e+33  13.9  0.211511
0.566405 2.57013 2.94416 2.48644 2.94  17.6694 0.63 14.4029 1033.78 1260.02  4.00398e+49  1.44686e+32  1.65588e+33  13.9  0.211511
0.564678 2.57214 2.94413 2.48644 2.94  17.8242 0.62 14.4029 1040.47 1244.48  4.05968e+49  1.47649e+32  1.6478e+33  13.9  0.211511
0.563058 2.57407 2.94412 2.48644 2.94   17.987 0.61 14.4029 1046.59 1228.27  4.11258e+49  1.50452e+32  1.64007e+33  13.9  0.211511
0.561568 2.57598 2.94422 2.48644 2.94  18.1578  0.6 14.4029 1052.12 1211.45  4.16253e+49  1.53085e+32  1.63291e+33  13.9  0.211511
0.56019 2.57761 2.94413 2.48644 2.94  18.3381 0.59 14.4029 1057.01 1193.86  4.20821e+49  1.55484e+32  1.62605e+33  13.9  0.211511
0.558959 2.57911 2.94407 2.48644 2.94   18.529 0.58 14.4029 1061.28 1175.46  4.24952e+49  1.57644e+32  1.61985e+33  13.9  0.211511
0.557893 2.58044 2.94405 2.48644 2.94  18.7316 0.57 14.4029 1064.87 1156.18  4.28555e+49  1.59518e+32  1.61445e+33  13.9  0.211511
0.557018 2.58158 2.94408 2.48644 2.94  18.9478 0.56 14.4029 1067.76 1135.94  4.31549e+49  1.61069e+32  1.61e+33  13.9  0.211511
0.556358  2.5824 2.94403 2.48644 2.94  19.1789 0.55 14.4029 1069.88 1114.67  4.33795e+49  1.62229e+32  1.60658e+33  13.9  0.211511
0.55595  2.5829   2.944 2.48644 2.94  19.4275 0.54 14.4029 1071.17 1092.25  4.35183e+49  1.62945e+32  1.60445e+33  13.9  0.211511
    0.8 2.67915 3.22492 2.67915 2.94  14.3636    1 14.3636       0 1743.45  0  0  2.49732e+33  13.9  0.211511
0.793651 2.68171 3.22493 2.67915 2.94  14.4233 0.99 14.3636 206.366 1712.05  6.82962e+48  4.92655e+30  2.48208e+33  13.9  0.211511
0.787894 2.68427 3.22493 2.67915 2.94  14.4828 0.98 14.3636 293.269 1696.46  9.77269e+48  1.00182e+31  2.4682e+33  13.9  0.211511
0.782198 2.68687 3.22492 2.67915 2.94  14.5433 0.97 14.3636 358.873 1683.45  1.20425e+49  1.51066e+31  2.45441e+33  13.9  0.211511
0.776453 2.68949 3.22491 2.67915 2.94  14.6051 0.96 14.3636  413.68 1671.62  1.3979e+49  2.02138e+31  2.44044e+33  13.9  0.211511
0.770756 2.69214 3.22491 2.67915 2.94   14.668 0.95 14.3636  461.26 1660.56  1.56976e+49  2.53097e+31  2.42654e+33  13.9  0.211511
0.765056 2.69479 3.22489 2.67915 2.94  14.7322 0.94 14.3636 503.796 1649.95  1.72683e+49  3.04098e+31  2.41255e+33  13.9  0.211511
0.75936 2.69749 3.22493 2.67915 2.94  14.7977 0.93 14.3636 542.421 1639.66  1.87269e+49  3.55067e+31  2.39857e+33  13.9  0.211511
0.753715 2.70018 3.22492 2.67915 2.94  14.8644 0.92 14.3636 577.844 1629.62  2.0096e+49  4.05908e+31  2.38455e+33  13.9  0.211511
0.748078 2.70288 3.22492 2.67915 2.94  14.9326 0.91 14.3636 610.731 1619.73  2.13969e+49  4.56781e+31  2.37049e+33  13.9  0.211511
0.742446 2.70559  3.2249 2.67915 2.94  15.0021  0.9 14.3636 641.355 1609.92  2.26369e+49  5.07485e+31  2.35636e+33  13.9  0.211511
0.736863 2.70837 3.22494 2.67915 2.94  15.0731 0.89 14.3636 670.113 1600.19  2.38306e+49  5.58201e+31  2.34237e+33  13.9  0.211511
0.731281 2.71112 3.22492 2.67915 2.94  15.1455 0.88 14.3636 697.171 1590.49  2.4981e+49  6.08777e+31  2.32825e+33  13.9  0.211511
0.725724 2.71389 3.22491 2.67915 2.94  15.2195 0.87 14.3636 722.739 1580.77  2.60957e+49  6.59263e+31  2.31416e+33  13.9  0.211511
0.720166 2.71669 3.22492 2.67915 2.94  15.2952 0.86 14.3636 746.961 1571.01  2.71786e+49  7.09633e+31  2.30003e+33  13.9  0.211511
0.714645  2.7195 3.22491 2.67915 2.94  15.3723 0.85 14.3636 769.927 1561.24  2.82326e+49  7.59818e+31  2.28595e+33  13.9  0.211511
0.70914 2.72233 3.22491 2.67915 2.94  15.4513 0.84 14.3636 791.798 1551.38  2.92631e+49  8.09922e+31  2.27187e+33  13.9  0.211511
0.703657 2.72517 3.22491 2.67915 2.94  15.5321 0.83 14.3636 812.588 1541.44  3.02691e+49  8.59762e+31  2.2578e+33  13.9  0.211511
0.698206 2.72803 3.22491 2.67915 2.94  15.6147 0.82 14.3636 832.436 1531.4  3.12562e+49  9.09484e+31  2.24376e+33  13.9  0.211511
0.692787 2.73092 3.22495 2.67915 2.94  15.6993 0.81 14.3636 851.346 1521.25  3.22237e+49  9.58936e+31  2.22979e+33  13.9  0.211511
0.68739 2.73378 3.22492 2.67915 2.94  15.7858  0.8 14.3636 869.391 1510.99  3.31734e+49  1.00812e+32  2.21578e+33  13.9  0.211511
0.682023 2.73663 3.22488 2.67915 2.94  15.8745 0.79 14.3636 886.603 1500.6  3.4106e+49  1.05698e+32  2.20178e+33  13.9  0.211511
0.676678 2.73953  3.2249 2.67915 2.94  15.9654 0.78 14.3636 903.033 1490.06  3.5024e+49  1.10555e+32  2.18789e+33  13.9  0.211511
0.671374 2.74239 3.22488 2.67915 2.94  16.0587 0.77 14.3636 918.716 1479.37  3.59273e+49  1.15376e+32  2.17402e+33  13.9  0.211511
0.666119  2.7453  3.2249 2.67915 2.94  16.1544 0.76 14.3636 933.684 1468.5  3.68169e+49  1.20159e+32  2.16024e+33  13.9  0.211511
0.660929  2.7482 3.22492 2.67915 2.94  16.2526 0.75 14.3636 947.983 1457.45  3.76941e+49  1.24906e+32  2.14657e+33  13.9  0.211511
0.65578 2.75108  3.2249 2.67915 2.94  16.3536 0.74 14.3636  961.61 1446.17  3.85568e+49  1.29601e+32  2.13289e+33  13.9  0.211511
0.650717 2.75397  3.2249 2.67915 2.94  16.4574 0.73 14.3636 974.614 1434.68  3.94079e+49  1.34253e+32  2.11938e+33  13.9  0.211511
0.645723 2.75688 3.22493 2.67915 2.94  16.5643 0.72 14.3636 986.995 1422.93  4.02463e+49  1.38851e+32  2.10599e+33  13.9  0.211511
0.640826 2.75978 3.22496 2.67915 2.94  16.6744 0.71 14.3636  998.77 1410.92  4.10716e+49  1.43389e+32  2.09271e+33  13.9  0.211511
0.63601 2.76259 3.22488 2.67915 2.94  16.7878  0.7 14.3636 1009.95 1398.62  4.18817e+49  1.47854e+32  2.07946e+33  13.9  0.211511
0.631294 2.76544 3.22489 2.67915 2.94   16.905 0.69 14.3636 1020.56 1385.99  4.26788e+49  1.5225e+32  2.06645e+33  13.9  0.211511
0.626676 2.76827  3.2249 2.67915 2.94  17.0261 0.68 14.3636 1030.59 1373.05  4.34617e+49  1.56568e+32  2.05364e+33  13.9  0.211511
0.609148 2.77825 3.22369 2.67915 2.94  17.5557 0.64 14.3636 1064.88 1317.26  4.63852e+49  1.72658e+32  2.00311e+33  13.9  0.211511
0.604824 2.78122 3.22423 2.67915 2.94  17.7014 0.63 14.3636 1072.17 1302.3  4.70836e+49  1.76458e+32  1.99238e+33  13.9  0.211511
0.600543 2.78399 3.22461 2.67915 2.94  17.8535 0.62 14.3636 1078.88 1286.76  4.77505e+49  1.80078e+32  1.98187e+33  13.9  0.211511
0.596505 2.78634 3.22459 2.67915 2.94  18.0126 0.61 14.3636 1084.96 1270.58  4.83756e+49  1.83463e+32  1.97133e+33  13.9  0.211511
0.592842 2.78859 3.22458 2.67915 2.94  18.1794  0.6 14.3636 1090.45 1253.75  4.89637e+49  1.86633e+32  1.96139e+33  13.9  0.211511
0.58959 2.79065 3.22453 2.67915 2.94  18.3548 0.59 14.3636 1095.35 1236.19  4.95085e+49  1.89557e+32  1.95214e+33  13.9  0.211511
0.586674 2.79208 3.22389 2.67915 2.94  18.5396 0.58 14.3636 1099.54 1217.78  4.99863e+49  1.9212e+32  1.94299e+33  13.9  0.211511
0.584236 2.79347  3.2235 2.67915 2.94  18.7355 0.57 14.3636 1103.12 1198.53  5.04107e+49  1.9438e+32  1.93512e+33  13.9  0.211511
0.582296 2.79476 3.22333 2.67915 2.94  18.9437 0.56 14.3636 1106.04 1178.35  5.07704e+49  1.96287e+32  1.92873e+33  13.9  0.211511
0.580918 2.79618 3.22377 2.67915 2.94  19.1659 0.55 14.3636 1108.31 1157.23  5.1064e+49  1.97827e+32  1.92449e+33  13.9  0.211511
0.580104 2.79746 3.22452 2.67915 2.94  19.4042 0.54 14.3636 1109.83 1135.01  5.12679e+49  1.98889e+32  1.9223e+33  13.9  0.211511
0.579814 2.79801 3.22489 2.67915 2.94  19.6611 0.53 14.3636 1110.41 1111.51  5.13475e+49  1.99301e+32  1.92158e+33  13.9  0.211511
    0.9 2.80213 3.41147 2.80213 2.94  14.2483    1 14.2483       0 1804.69  0  0  2.9424e+33  13.9  0.211511
0.890574 2.80519 3.41147 2.80213 2.94  14.3131 0.99 14.2483 216.367 1768.84  7.59213e+48  5.742e+30  2.91917e+33  13.9  0.211511
0.88189 2.80817 3.41147 2.80213 2.94   14.377 0.98 14.2483 308.284 1750.9  1.08976e+49  1.17434e+31  2.89775e+33  13.9  0.211511
0.873517  2.8112 3.41147 2.80213 2.94  14.4417 0.97 14.2483  376.67 1736.16  1.34147e+49  1.76624e+31  2.8769e+33  13.9  0.211511
0.865198 2.81427 3.41149 2.80213 2.94  14.5077 0.96 14.2483 433.796 1722.81  1.55666e+49  2.3604e+31  2.85612e+33  13.9  0.211511
0.856917 2.81731 3.41145 2.80213 2.94  14.5748 0.95 14.2483 483.324 1710.34  1.74762e+49  2.95253e+31  2.83527e+33  13.9  0.211511
0.848746 2.82041 3.41147 2.80213 2.94  14.6432 0.94 14.2483 527.338 1698.45  1.92144e+49  3.54179e+31  2.81463e+33  13.9  0.211511
0.840642  2.8235 3.41147 2.80213 2.94  14.7129 0.93 14.2483 567.354 1686.96  2.08331e+49  4.13159e+31  2.79404e+33  13.9  0.211511
0.832674 2.82663 3.41149 2.80213 2.94  14.7836 0.92 14.2483 603.877 1675.8  2.23475e+49  4.71722e+31  2.77366e+33  13.9  0.211511
0.824768 2.82976 3.41148 2.80213 2.94  14.8558 0.91 14.2483 637.737 1664.82  2.3787e+49  5.30261e+31  2.7533e+33  13.9  0.211511
0.816948 2.83291 3.41148 2.80213 2.94  14.9292  0.9 14.2483 669.228 1654.01  2.51603e+49  5.88569e+31  2.73309e+33  13.9  0.211511
0.809218 2.83607 3.41147 2.80213 2.94   15.004 0.89 14.2483 698.671 1643.3  2.6478e+49  6.46646e+31  2.713e+33  13.9  0.211511
0.801518 2.83926 3.41148 2.80213 2.94  15.0804 0.88 14.2483 726.337 1632.62  2.77489e+49  7.04519e+31  2.69295e+33  13.9  0.211511
0.793896 2.84243 3.41145 2.80213 2.94  15.1581 0.87 14.2483 752.352 1622.03  2.8977e+49  7.62049e+31  2.67303e+33  13.9  0.211511
0.78634 2.84567 3.41151 2.80213 2.94  15.2375 0.86 14.2483 776.987 1611.43  3.01721e+49  8.1946e+31  2.65331e+33  13.9  0.211511
0.778865 2.84886 3.41147 2.80213 2.94  15.3184 0.85 14.2483 800.242 1600.84  3.1332e+49  8.76431e+31  2.63362e+33  13.9  0.211511
0.771471 2.85208 3.41146 2.80213 2.94   15.401 0.84 14.2483 822.352 1590.21  3.24663e+49  9.33254e+31  2.61408e+33  13.9  0.211511
0.764182 2.85532 3.41147 2.80213 2.94  15.4851 0.83 14.2483 843.329 1579.54  3.3574e+49  9.89711e+31  2.59472e+33  13.9  0.211511
0.756964 2.85858 3.41147 2.80213 2.94  15.5713 0.82 14.2483 863.284 1568.78  3.46589e+49  1.04587e+32  2.57542e+33  13.9  0.211511
0.749882 2.86185 3.41148 2.80213 2.94  15.6592 0.81 14.2483 882.275 1557.96  3.5723e+49  1.10169e+32  2.55633e+33  13.9  0.211511
0.742866 2.86511 3.41147 2.80213 2.94  15.7491  0.8 14.2483 900.344 1547.02  3.67663e+49  1.15709e+32  2.5373e+33  13.9  0.211511
0.735958 2.86839 3.41146 2.80213 2.94  15.8409 0.79 14.2483 917.583 1535.98  3.77929e+49  1.21217e+32  2.51847e+33  13.9  0.211511
0.729156 2.87169 3.41148 2.80213 2.94  15.9348 0.78 14.2483 933.995 1524.83  3.88021e+49  1.2668e+32  2.49987e+33  13.9  0.211511
0.722404 2.87499 3.41149 2.80213 2.94  16.0311 0.77 14.2483 949.631 1513.51  3.97952e+49  1.32097e+32  2.48133e+33  13.9  0.211511
0.715749 2.87825 3.41145 2.80213 2.94  16.1296 0.76 14.2483 964.499 1502.07  4.07715e+49  1.37457e+32  2.46294e+33  13.9  0.211511
0.70917 2.88154 3.41147 2.80213 2.94  16.2307 0.75 14.2483 978.662 1490.45  4.17343e+49  1.42769e+32  2.44477e+33  13.9  0.211511
0.702695 2.88484 3.41151 2.80213 2.94  16.3344 0.74 14.2483 992.125 1478.66  4.26825e+49  1.48021e+32  2.42682e+33  13.9  0.211511
0.69631 2.88808 3.41147 2.80213 2.94  16.4407 0.73 14.2483 1004.93 1466.67  4.36157e+49  1.53211e+32  2.40897e+33  13.9  0.211511
0.690034 2.89135 3.41147 2.80213 2.94    16.55 0.72 14.2483  1017.1 1454.46  4.4535e+49  1.58334e+32  2.3914e+33  13.9  0.211511
0.683868  2.8946 3.41148 2.80213 2.94  16.6623 0.71 14.2483 1028.66 1442.01  4.54405e+49  1.63389e+32  2.37407e+33  13.9  0.211511
0.677802 2.89781 3.41145 2.80213 2.94  16.7778  0.7 14.2483  1039.6 1429.29  4.63302e+49  1.6836e+32  2.35693e+33  13.9  0.211511
0.671875 2.90105 3.41148 2.80213 2.94  16.8967 0.69 14.2483 1049.97 1416.32  4.72066e+49  1.73256e+32  2.3402e+33  13.9  0.211511
0.666071 2.90423 3.41148 2.80213 2.94  17.0193 0.68 14.2483 1059.75 1403.01  4.80656e+49  1.78052e+32  2.32369e+33  13.9  0.211511
0.660423 2.90737 3.41146 2.80213 2.94  17.1458 0.67 14.2483 1068.98 1389.38  4.8907e+49  1.82746e+32  2.30751e+33  13.9  0.211511
0.654924 2.91049 3.41148 2.80213 2.94  17.2768 0.66 14.2483 1077.62 1375.37  4.97299e+49  1.87323e+32  2.29169e+33  13.9  0.211511
0.649598 2.91351 3.41144 2.80213 2.94  17.4122 0.65 14.2483  1085.7 1360.99  5.05309e+49  1.91767e+32  2.2762e+33  13.9  0.211511
0.644487 2.91653 3.41149 2.80213 2.94  17.5526 0.64 14.2483 1093.24 1346.19  5.13116e+49  1.96082e+32  2.26131e+33  13.9  0.211511
0.639598 2.91942 3.41148 2.80213 2.94  17.6984 0.63 14.2483 1100.21 1330.92  5.20644e+49  2.00228e+32  2.24683e+33  13.9  0.211511
0.634935  2.9222 3.41145 2.80213 2.94  17.8502 0.62 14.2483 1106.62 1315.13  5.27873e+49  2.04191e+32  2.23289e+33  13.9  0.211511
0.630544 2.92489 3.41145 2.80213 2.94  18.0085 0.61 14.2483 1112.49 1298.78  5.34766e+49  2.07954e+32  2.21969e+33  13.9  0.211511
0.626436 2.92746 3.41148 2.80213 2.94  18.1739  0.6 14.2483 1117.78 1281.81  5.41275e+49  2.11487e+32  2.20728e+33  13.9  0.211511
0.622671 2.92995 3.41165 2.80213 2.94  18.3475 0.59 14.2483 1122.51 1264.17  5.47355e+49  2.14768e+32  2.19594e+33  13.9  0.211511
0.619321 2.93237 3.41199 2.80213 2.94  18.5299 0.58 14.2483 1126.69 1245.82  5.5294e+49  2.17766e+32  2.18593e+33  13.9  0.211511
0.616357 2.93445  3.4122 2.80213 2.94  18.7225 0.57 14.2483 1130.21 1226.59  5.57842e+49  2.20384e+32  2.17695e+33  13.9  0.211511
0.613769 2.93571 3.41171 2.80213 2.94  18.9267 0.56 14.2483 1132.98 1206.33  5.6177e+49  2.22478e+32  2.16852e+33  13.9  0.211511
0.611724 2.93645 3.41103 2.80213 2.94   19.144 0.55 14.2483 1135.02 1185.02  5.64723e+49  2.24052e+32  2.16159e+33  13.9  0.211511
0.610423 2.93713 3.41081 2.80213 2.94  19.3765 0.54 14.2483 1136.37 1162.67  5.66744e+49  2.25121e+32  2.15735e+33  13.9  0.211511
0.609989 2.93775 3.41121 2.80213 2.94  19.6261 0.53 14.2483 1136.97 1139.2  5.67689e+49  2.25616e+32  2.15631e+33  13.9  0.211511
      1  2.8804 3.53411 2.8804 2.94  14.0982    1 14.0982       0 1859.03  0  0  3.3314e+33  13.9  0.211511
0.98599 2.88395 3.53412 2.8804 2.94  14.1707 0.99 14.0982 225.323 1818.56  8.13778e+48  6.40945e+30  3.29693e+33  13.9  0.211511
0.973391 2.88732 3.53411 2.8804 2.94  14.2408 0.98 14.0982 321.259 1798.16  1.16968e+49  1.3135e+31  3.26574e+33  13.9  0.211511
0.961236 2.89068 3.53412 2.8804 2.94  14.3114 0.97 14.0982 392.338 1781.39  1.44018e+49  1.97508e+31  3.23538e+33  13.9  0.211511
0.949457 2.89408  3.5341 2.8804 2.94   14.383 0.96 14.0982 451.202 1766.32  1.66994e+49  2.63378e+31  3.20569e+33  13.9  0.211511
0.93765 2.89748 3.53411 2.8804 2.94  14.4562 0.95 14.0982 502.429 1752.11  1.87486e+49  3.29269e+31  3.17585e+33  13.9  0.211511
0.926366 2.90091 3.53412 2.8804 2.94  14.5296 0.94 14.0982  547.56 1738.82  2.06028e+49  3.94336e+31  3.14715e+33  13.9  0.211511
0.915204 2.90434  3.5341 2.8804 2.94  14.6044 0.93 14.0982 588.531 1725.97  2.23299e+49  4.59372e+31  3.11866e+33  13.9  0.211511
0.904308 2.90779 3.53413 2.8804 2.94    14.68 0.92 14.0982 625.868 1713.54  2.39462e+49  5.23875e+31  3.09076e+33  13.9  0.211511
0.89362 2.91124 3.53411 2.8804 2.94  14.7569 0.91 14.0982 660.297 1701.41  2.54773e+49  5.88033e+31  3.06317e+33  13.9  0.211511
0.883094  2.9147 3.53411 2.8804 2.94   14.835  0.9 14.0982 692.334 1689.47  2.69408e+49  6.51981e+31  3.03588e+33  13.9  0.211511
0.872762 2.91818  3.5341 2.8804 2.94  14.9146 0.89 14.0982 722.115 1677.67  2.83402e+49  7.15348e+31  3.00891e+33  13.9  0.211511
0.862649 2.92168 3.53412 2.8804 2.94  14.9953 0.88 14.0982 750.114 1666.01  2.96922e+49  7.78535e+31  2.98238e+33  13.9  0.211511
0.852781 2.92517 3.53412 2.8804 2.94  15.0772 0.87 14.0982 776.357 1654.49  3.09967e+49  8.41171e+31  2.9563e+33  13.9  0.211511
0.843076 2.92869 3.53411 2.8804 2.94  15.1606 0.86 14.0982 801.164 1642.99  3.22657e+49  9.03588e+31  2.93049e+33  13.9  0.211511
0.83359  2.9322 3.53412 2.8804 2.94  15.2454 0.85 14.0982 824.553 1631.55  3.3498e+49  9.65487e+31  2.90506e+33  13.9  0.211511
0.824259 2.93577 3.53417 2.8804 2.94  15.3319 0.84 14.0982 846.703 1620.09  3.47014e+49  1.02704e+32  2.87996e+33  13.9  0.211511
0.815073 2.93926 3.53412 2.8804 2.94  15.4199 0.83 14.0982 867.674 1608.63  3.58751e+49  1.08807e+32  2.85501e+33  13.9  0.211511
0.806087  2.9428 3.53412 2.8804 2.94  15.5096 0.82 14.0982 887.569 1597.17  3.70245e+49  1.14868e+32  2.83052e+33  13.9  0.211511
0.797198 2.94635 3.53411 2.8804 2.94  15.6011 0.81 14.0982 906.484 1585.61  3.81514e+49  1.20887e+32  2.80621e+33  13.9  0.211511
0.788502 2.94991 3.53412 2.8804 2.94  15.6943  0.8 14.0982 924.441 1574.04  3.92567e+49  1.26853e+32  2.7824e+33  13.9  0.211511
0.779911 2.95347 3.53411 2.8804 2.94  15.7896 0.79 14.0982 941.537 1562.34  4.03436e+49  1.32776e+32  2.75875e+33  13.9  0.211511
0.771526 2.95704 3.53411 2.8804 2.94  15.8866 0.78 14.0982 957.773 1550.59  4.1411e+49  1.3864e+32  2.73553e+33  13.9  0.211511
0.763264  2.9606  3.5341 2.8804 2.94   15.986 0.77 14.0982 973.239 1538.68  4.24623e+49  1.44455e+32  2.71252e+33  13.9  0.211511
0.755231 2.96418 3.53412 2.8804 2.94  16.0873 0.76 14.0982 987.932 1526.69  4.34967e+49  1.50207e+32  2.68997e+33  13.9  0.211511
0.747329 2.96774 3.53411 2.8804 2.94  16.1913 0.75 14.0982  1001.9 1514.51  4.45154e+49  1.55898e+32  2.6676e+33  13.9  0.211511
0.739615 2.97129 3.53411 2.8804 2.94  16.2974 0.74 14.0982 1015.14 1502.23  4.55181e+49  1.61518e+32  2.64563e+33  13.9  0.211511
0.732024 2.97482  3.5341 2.8804 2.94  16.4065 0.73 14.0982 1027.71 1489.73  4.65058e+49  1.67065e+32  2.6239e+33  13.9  0.211511
0.724604 2.97834  3.5341 2.8804 2.94  16.5182 0.72 14.0982 1039.61 1477.07  4.74779e+49  1.72532e+32  2.60256e+33  13.9  0.211511
0.717338 2.98184 3.53409 2.8804 2.94  16.6328 0.71 14.0982  1050.9 1464.18  4.84354e+49  1.77923e+32  2.58156e+33  13.9  0.211511
0.710251 2.98535  3.5341 2.8804 2.94  16.7504  0.7 14.0982 1061.58 1451.07  4.93776e+49  1.83227e+32  2.56102e+33  13.9  0.211511
0.703323 2.98881 3.53409 2.8804 2.94  16.8714 0.69 14.0982 1071.66 1437.69  5.03036e+49  1.88437e+32  2.54083e+33  13.9  0.211511
0.696579 2.99226 3.53411 2.8804 2.94  16.9959 0.68 14.0982 1081.17 1424.04  5.12127e+49  1.93544e+32  2.52111e+33  13.9  0.211511
0.690003 2.99565  3.5341 2.8804 2.94  17.1242 0.67 14.0982  1090.1 1410.05  5.21023e+49  1.98532e+32  2.50177e+33  13.9  0.211511
0.683644 2.99899 3.53409 2.8804 2.94  17.2565 0.66 14.0982 1098.48 1395.73  5.29726e+49  2.034e+32  2.48297e+33  13.9  0.211511
0.677473 3.00228 3.53409 2.8804 2.94  17.3932 0.65 14.0982 1106.29 1381.05  5.38213e+49  2.08129e+32  2.4647e+33  13.9  0.211511
0.671526  3.0055 3.53411 2.8804 2.94  17.5346 0.64 14.0982 1113.56 1365.98  5.46465e+49  2.12707e+32  2.44703e+33  13.9  0.211511
0.665829 3.00862 3.53409 2.8804 2.94  17.6812 0.63 14.0982 1120.27 1350.46  5.54432e+49  2.1711e+32  2.42997e+33  13.9  0.211511
0.660415 3.01167 3.53413 2.8804 2.94  17.8334 0.62 14.0982 1126.45 1334.45  5.62104e+49  2.21328e+32  2.41369e+33  13.9  0.211511
0.655291 3.01452 3.53407 2.8804 2.94  17.9918 0.61 14.0982 1132.06 1317.9  5.69392e+49  2.25314e+32  2.39812e+33  13.9  0.211511
0.650519 3.01727 3.53407 2.8804 2.94  18.1572  0.6 14.0982 1137.12 1300.73  5.76267e+49  2.29055e+32  2.38354e+33  13.9  0.211511
0.646149 3.01988 3.53415 2.8804 2.94    18.33 0.59 14.0982 1141.64 1282.94  5.8269e+49  2.32528e+32  2.37017e+33  13.9  0.211511
0.642205 3.02221 3.53414 2.8804 2.94  18.5115 0.58 14.0982 1145.57 1264.39  5.88503e+49  2.35655e+32  2.35792e+33  13.9  0.211511
0.638772 3.02426 3.53411 2.8804 2.94  18.7025 0.57 14.0982  1148.9 1245.03  5.9363e+49  2.38401e+32  2.34714e+33  13.9  0.211511
0.635895   3.026  3.5341 2.8804 2.94  18.9044 0.56 14.0982  1151.6 1224.77  5.97952e+49  2.407e+32  2.33807e+33  13.9  0.211511
0.633693 3.02735  3.5341 2.8804 2.94  19.1189 0.55 14.0982 1153.64 1203.5  6.01298e+49  2.42476e+32  2.3311e+33  13.9  0.211511
0.632239 3.02827 3.53412 2.8804 2.94  19.3478 0.54 14.0982 1154.95 1181.13  6.03515e+49  2.43645e+32  2.3265e+33  13.9  0.211511
0.631679 3.02862 3.53412 2.8804 2.94   19.593 0.53 14.0982 1155.46 1157.58  6.04382e+49  2.44105e+32  2.32472e+33  13.9  0.211511
    1.1 2.92914 3.61277 2.92914 2.94  13.9353    1 13.9353       0 1907.75  0  0  3.6707e+33  13.9  0.211511
1.07925 2.93315 3.61277 2.92914 2.94  14.0183 0.99 13.9353 232.803 1862.46  8.50492e+48  6.92099e+30  3.62079e+33  13.9  0.211511
1.06046 2.93689 3.61274 2.92914 2.94  14.0983 0.98 13.9353 332.016 1838.95  1.2239e+49  1.42041e+31  3.5752e+33  13.9  0.211511
1.04283 2.94055 3.61277 2.92914 2.94  14.1773 0.97 13.9353 405.733 1819.66  1.50924e+49  2.14046e+31  3.53211e+33  13.9  0.211511
1.02638 2.94426 3.61278 2.92914 2.94  14.2559 0.96 13.9353 465.968 1802.62  1.74905e+49  2.84883e+31  3.4915e+33  13.9  0.211511
1.01028 2.94792 3.61277 2.92914 2.94  14.3357 0.95 13.9353 518.323 1786.68  1.96323e+49  3.55697e+31  3.4514e+33  13.9  0.211511
0.994573 2.95156 3.61272 2.92914 2.94  14.4167 0.94 13.9353 564.188 1771.52  2.15619e+49  4.25226e+31  3.41188e+33  13.9  0.211511
0.979888 2.95529 3.61278 2.92914 2.94  14.4973 0.93 13.9353  605.68 1757.25  2.33575e+49  4.94514e+31  3.3747e+33  13.9  0.211511
0.965616 2.95896 3.61277 2.92914 2.94  14.5788 0.92 13.9353 643.533 1743.44  2.50419e+49  5.63308e+31  3.33817e+33  13.9  0.211511
0.951934 2.96264 3.61276 2.92914 2.94  14.6608 0.91 13.9353 678.248 1730.09  2.66318e+49  6.31391e+31  3.3028e+33  13.9  0.211511
0.938591 2.96635 3.61278 2.92914 2.94   14.744  0.9 13.9353 710.568   1717  2.81546e+49  6.993e+31  3.26814e+33  13.9  0.211511
0.925704 2.97005 3.61277 2.92914 2.94   14.828 0.89 13.9353 740.509 1704.21  2.96078e+49  7.6638e+31  3.23443e+33  13.9  0.211511
0.912864 2.97373 3.61273 2.92914 2.94  14.9139 0.88 13.9353 768.514 1691.42  3.10074e+49  8.32965e+31  3.2007e+33  13.9  0.211511
0.900663 2.97746 3.61277 2.92914 2.94       15 0.87 13.9353 794.792   1679  3.23609e+49  8.99047e+31  3.16854e+33  13.9  0.211511
0.888754 2.98119 3.61277 2.92914 2.94  15.0874 0.86 13.9353 819.561 1666.65  3.36756e+49  9.6473e+31  3.1369e+33  13.9  0.211511
0.877156 2.98491 3.61276 2.92914 2.94  15.1761 0.85 13.9353 842.923 1654.4  3.49538e+49  1.02989e+32  3.10587e+33  13.9  0.211511
0.865827 2.98866 3.61277 2.92914 2.94  15.2664 0.84 13.9353  864.97 1642.16  3.6199e+49  1.09447e+32  3.07535e+33  13.9  0.211511
0.854783  2.9924 3.61277 2.92914 2.94   15.358 0.83 13.9353 885.866 1629.96  3.74165e+49  1.15862e+32  3.04541e+33  13.9  0.211511
0.844084 2.99615 3.61279 2.92914 2.94   15.451 0.82 13.9353 905.615 1617.84  3.86061e+49  1.2221e+32  3.01621e+33  13.9  0.211511
0.833613 2.99988 3.61276 2.92914 2.94  15.5457 0.81 13.9353 924.385 1605.67  3.97737e+49  1.28516e+32  2.98735e+33  13.9  0.211511
0.823432 3.00364 3.61278 2.92914 2.94   15.642  0.8 13.9353 942.143 1593.48  4.09165e+49  1.34749e+32  2.95913e+33  13.9  0.211511
0.813475 3.00738 3.61276 2.92914 2.94  15.7402 0.79 13.9353 959.062 1581.23  4.20421e+49  1.40942e+32  2.93134e+33  13.9  0.211511
0.803763 3.01115 3.61278 2.92914 2.94  15.8402 0.78 13.9353 975.081 1568.93  4.31459e+49  1.47058e+32  2.90412e+33  13.9  0.211511
0.794242  3.0149 3.61277 2.92914 2.94  15.9422 0.77 13.9353 990.338 1556.54  4.42341e+49  1.53126e+32  2.87734e+33  13.9  0.211511
0.784934 3.01865 3.61277 2.92914 2.94  16.0462 0.76 13.9353  1004.8 1544.04  4.53032e+49  1.59116e+32  2.85107e+33  13.9  0.211511
0.775855 3.02241 3.61278 2.92914 2.94  16.1525 0.75 13.9353 1018.56 1531.43  4.63581e+49  1.65051e+32  2.82531e+33  13.9  0.211511
0.766978 3.02614 3.61276 2.92914 2.94  16.2611 0.74 13.9353 1031.57 1518.68  4.73946e+49  1.70897e+32  2.79994e+33  13.9  0.211511
0.758323 3.02987 3.61277 2.92914 2.94  16.3723 0.73 13.9353 1043.91 1505.78  4.84168e+49  1.76672e+32  2.77506e+33  13.9  0.211511
0.749945 3.03357 3.61277 2.92914 2.94  16.4859 0.72 13.9353 1055.59 1492.75  4.94229e+49  1.82361e+32  2.75072e+33  13.9  0.211511
0.741739 3.03725 3.61277 2.92914 2.94  16.6027 0.71 13.9353 1066.62 1479.47  5.04126e+49  1.87956e+32  2.72672e+33  13.9  0.211511
