    0.7  0.8379 0.88537 0.8379 2.23  11.3717    1 11.3717       0 1384.05  0  0  2.25138e+32  9.89  0.22548
0.698119 0.838076 0.885364 0.8379 2.23  11.4302 0.99 11.3717 164.303 1370.54  6.60877e+47  3.79555e+29  2.24553e+32  9.89  0.22548
0.696264 0.838288 0.885393 0.8379 2.23  11.4904 0.98 11.3717 232.314 1359.94  9.40832e+47  7.64004e+29  2.23986e+32  9.89  0.22548
 0.6944 0.838467 0.885379 0.8379 2.23   11.552 0.97 11.3717  283.73 1349.68  1.15693e+48  1.14742e+30  2.23392e+32  9.89  0.22548
0.692496 0.838615 0.885332 0.8379 2.23  11.6151 0.96 11.3717 326.638 1339.53  1.34103e+48  1.53113e+30  2.22776e+32  9.89  0.22548
0.690612 0.838838 0.885369 0.8379 2.23  11.6798 0.95 11.3717 363.966 1329.44  1.50478e+48  1.91445e+30  2.22196e+32  9.89  0.22548
0.688702 0.839027 0.885365 0.8379 2.23  11.7461 0.94 11.3717 397.367 1319.27  1.65439e+48  2.29793e+30  2.2159e+32  9.89  0.22548
0.68678 0.839228 0.88537 0.8379 2.23  11.8142 0.93 11.3717 427.784 1309.01  1.79355e+48  2.68192e+30  2.20982e+32  9.89  0.22548
0.68485 0.839412 0.885352 0.8379 2.23  11.8841 0.92 11.3717 455.754 1298.58  1.92419e+48  3.06539e+30  2.20355e+32  9.89  0.22548
0.68291 0.839633 0.885379 0.8379 2.23  11.9559 0.91 11.3717 481.635 1288.08  2.04802e+48  3.44795e+30  2.19747e+32  9.89  0.22548
0.680956 0.839827 0.885376 0.8379 2.23  12.0295  0.9 11.3717 505.703 1277.46  2.16576e+48  3.82837e+30  2.19122e+32  9.89  0.22548
0.678994 0.84003 0.88538 0.8379 2.23  12.1052 0.89 11.3717 528.277 1266.68  2.27873e+48  4.20789e+30  2.18497e+32  9.89  0.22548
0.677023 0.840222 0.885372 0.8379 2.23   12.183 0.88 11.3717  549.54 1255.7  2.38747e+48  4.58612e+30  2.1786e+32  9.89  0.22548
0.675042 0.840414 0.885363 0.8379 2.23  12.2631 0.87 11.3717 569.546 1244.57  2.49229e+48  4.96176e+30  2.17221e+32  9.89  0.22548
0.673062 0.840621 0.885372 0.8379 2.23  12.3455 0.86 11.3717 588.488 1233.26  2.5939e+48  5.33581e+30  2.16588e+32  9.89  0.22548
0.671088 0.840833 0.885386 0.8379 2.23  12.4304 0.85 11.3717  606.41 1221.77  2.69237e+48  5.70702e+30  2.15955e+32  9.89  0.22548
0.669106 0.841016 0.885363 0.8379 2.23   12.518 0.84 11.3717 623.464 1209.99  2.78794e+48  6.0758e+30  2.15302e+32  9.89  0.22548
0.667128 0.841219 0.885367 0.8379 2.23  12.6082 0.83 11.3717 639.577 1198.06  2.88076e+48  6.44034e+30  2.14663e+32  9.89  0.22548
0.665161 0.841435 0.885387 0.8379 2.23  12.7012 0.82 11.3717 654.892 1185.92  2.97123e+48  6.80165e+30  2.14032e+32  9.89  0.22548
 0.6632 0.841629 0.885381 0.8379 2.23  12.7973 0.81 11.3717 669.434 1173.53  3.05904e+48  7.15815e+30  2.1339e+32  9.89  0.22548
0.661243 0.841826 0.885382 0.8379 2.23  12.8966  0.8 11.3717 683.218 1160.91  3.14449e+48  7.50962e+30  2.12754e+32  9.89  0.22548
 0.6593 0.842002 0.88536 0.8379 2.23  12.9993 0.79 11.3717   696.3 1148.02  3.22745e+48  7.85532e+30  2.12112e+32  9.89  0.22548
0.657391 0.842192 0.885354 0.8379 2.23  13.1056 0.78 11.3717 708.739 1134.85  3.30811e+48  8.19549e+30  2.11481e+32  9.89  0.22548
0.655501  0.8424 0.885373 0.8379 2.23  13.2157 0.77 11.3717 720.492 1121.45  3.38656e+48  8.52896e+30  2.10869e+32  9.89  0.22548
0.653641 0.842585 0.88537 0.8379 2.23  13.3298 0.76 11.3717 731.604 1107.76  3.4624e+48  8.85446e+30  2.10256e+32  9.89  0.22548
0.65181 0.842777 0.885379 0.8379 2.23  13.4481 0.75 11.3717 742.076 1093.79  3.53584e+48  9.17169e+30  2.09658e+32  9.89  0.22548
0.650031 0.842958 0.885377 0.8379 2.23  13.5711 0.74 11.3717  751.96 1079.5  3.6065e+48  9.47957e+30  2.09068e+32  9.89  0.22548
0.648288 0.84313 0.885373 0.8379 2.23  13.6989 0.73 11.3717  761.21 1064.9  3.67442e+48  9.77692e+30  2.08491e+32  9.89  0.22548
0.646606 0.843302 0.885374 0.8379 2.23  13.8319 0.72 11.3717  769.87   1050  3.73946e+48  1.00632e+31  2.07934e+32  9.89  0.22548
0.644981 0.843475 0.885386 0.8379 2.23  13.9703 0.71 11.3717 777.922 1034.77  3.80154e+48  1.03372e+31  2.07401e+32  9.89  0.22548
0.643436 0.843626 0.885377 0.8379 2.23  14.1148  0.7 11.3717 785.393 1019.17  3.86001e+48  1.0597e+31  2.06883e+32  9.89  0.22548
0.64196 0.84377 0.885373 0.8379 2.23  14.2656 0.69 11.3717 792.242 1003.24  3.91507e+48  1.08419e+31  2.06391e+32  9.89  0.22548
0.640582 0.843918 0.885382 0.8379 2.23  14.4231 0.68 11.3717 798.494 986.962  3.96642e+48  1.10708e+31  2.05935e+32  9.89  0.22548
0.639313 0.844057 0.885391 0.8379 2.23   14.588 0.67 11.3717 804.153 970.299  4.01356e+48  1.12818e+31  2.05514e+32  9.89  0.22548
0.638139 0.84416 0.885375 0.8379 2.23  14.7607 0.66 11.3717 809.171 953.265  4.05616e+48  1.14727e+31  2.05117e+32  9.89  0.22548
0.637087 0.844228 0.885333 0.8379 2.23  14.9419 0.65 11.3717  813.55 935.834  4.09373e+48  1.16416e+31  2.0475e+32  9.89  0.22548
0.636183 0.844343 0.885359 0.8379 2.23   15.132 0.64 11.3717 817.307 918.071  4.1269e+48  1.17901e+31  2.04458e+32  9.89  0.22548
0.635422 0.844428 0.885368 0.8379 2.23  15.3318 0.63 11.3717 820.397 899.927  4.15448e+48  1.19138e+31  2.04206e+32  9.89  0.22548
0.634823 0.844492 0.885371 0.8379 2.23  15.5421 0.62 11.3717  822.82 881.387  4.1761e+48  1.20111e+31  2.04006e+32  9.89  0.22548
0.634388 0.844543 0.885379 0.8379 2.23  15.7634 0.61 11.3717 824.545 862.508  4.19185e+48  1.20817e+31  2.03863e+32  9.89  0.22548
0.634131 0.844563 0.885372 0.8379 2.23  15.9968  0.6 11.3717 825.561 843.25  4.2009e+48  1.21227e+31  2.03774e+32  9.89  0.22548
    0.8 1.05274 1.13208 1.05274 2.23  11.3806    1 11.3806       0 1549.5  0  0  3.64916e+32  9.89  0.22548
0.797646 1.05305 1.13208 1.05274 2.23  11.4354 0.99 11.3806 180.995 1533.46  1.00853e+48  6.38064e+29  3.63867e+32  9.89  0.22548
0.795318 1.05337 1.13208 1.05274 2.23  11.4921 0.98 11.3806 256.603 1521.78  1.43971e+48  1.29135e+30  3.62805e+32  9.89  0.22548
0.792968 1.05371 1.13208 1.05274 2.23  11.5501 0.97 11.3806 314.138 1510.66  1.77469e+48  1.94873e+30  3.61733e+32  9.89  0.22548
 0.7906 1.05403 1.13208 1.05274 2.23  11.6093 0.96 11.3806 361.682 1499.89  2.05773e+48  2.6015e+30  3.60656e+32  9.89  0.22548
0.788194 1.05436 1.13208 1.05274 2.23  11.6701 0.95 11.3806 403.183 1489.18  2.31017e+48  3.25578e+30  3.5956e+32  9.89  0.22548
0.785773 1.05469 1.13208 1.05274 2.23  11.7322 0.94 11.3806 440.291 1478.5  2.54093e+48  3.91058e+30  3.58458e+32  9.89  0.22548
0.783338 1.05503 1.13209 1.05274 2.23   11.796 0.93 11.3806 474.015 1467.78  2.75543e+48  4.56552e+30  3.5735e+32  9.89  0.22548
0.780881 1.05538  1.1321 1.05274 2.23  11.8614 0.92 11.3806  505.06 1456.97  2.95738e+48  5.22106e+30  3.56232e+32  9.89  0.22548
0.778386 1.05568 1.13205 1.05274 2.23  11.9285 0.91 11.3806 533.836   1446  3.14865e+48  5.87544e+30  3.55062e+32  9.89  0.22548
0.775896 1.05603 1.13207 1.05274 2.23  11.9974  0.9 11.3806 560.676 1434.97  3.33155e+48  6.52931e+30  3.53924e+32  9.89  0.22548
0.773392 1.05639 1.13209 1.05274 2.23   12.068 0.89 11.3806 585.839 1423.81  3.50717e+48  7.18198e+30  3.5278e+32  9.89  0.22548
0.770862 1.05672 1.13208 1.05274 2.23  12.1406 0.88 11.3806 609.528 1412.47  3.67638e+48  7.8329e+30  3.51606e+32  9.89  0.22548
0.768311 1.05706 1.13206 1.05274 2.23  12.2153 0.87 11.3806 631.897 1400.93  3.84006e+48  8.4819e+30  3.5042e+32  9.89  0.22548
0.765767 1.05742 1.13207 1.05274 2.23   12.292 0.86 11.3806 653.116 1389.21  3.99914e+48  9.12988e+30  3.49241e+32  9.89  0.22548
0.763211 1.05778 1.13208 1.05274 2.23   12.371 0.85 11.3806 673.217 1377.31  4.15373e+48  9.77466e+30  3.48059e+32  9.89  0.22548
0.760641 1.05813 1.13208 1.05274 2.23  12.4522 0.84 11.3806 692.261 1365.23  4.30411e+48  1.04151e+31  3.46865e+32  9.89  0.22548
0.758065 1.05849  1.1321 1.05274 2.23  12.5359 0.83 11.3806 710.359 1352.92  4.45082e+48  1.10516e+31  3.45674e+32  9.89  0.22548
0.755478 1.05882 1.13208 1.05274 2.23  12.6221 0.82 11.3806 727.555 1340.39  4.59375e+48  1.16826e+31  3.44456e+32  9.89  0.22548
0.752901 1.05918 1.13209 1.05274 2.23   12.711 0.81 11.3806 743.943 1327.61  4.7336e+48  1.23095e+31  3.43253e+32  9.89  0.22548
0.750313 1.05952 1.13208 1.05274 2.23  12.8029  0.8 11.3806 759.503 1314.58  4.87003e+48  1.29291e+31  3.42036e+32  9.89  0.22548
0.747745 1.05986 1.13207 1.05274 2.23  12.8976 0.79 11.3806 774.316 1301.29  5.00348e+48  1.35425e+31  3.40828e+32  9.89  0.22548
0.745199 1.06023  1.1321 1.05274 2.23  12.9956 0.78 11.3806 788.441 1287.71  5.13408e+48  1.41495e+31  3.39639e+32  9.89  0.22548
0.742649 1.06058  1.1321 1.05274 2.23   13.097 0.77 11.3806  801.81 1273.86  5.26131e+48  1.4746e+31  3.38437e+32  9.89  0.22548
0.740121 1.06091 1.13209 1.05274 2.23  13.2018 0.76 11.3806 814.488 1259.72  5.38543e+48  1.53325e+31  3.3724e+32  9.89  0.22548
0.737625 1.06124 1.13208 1.05274 2.23  13.3105 0.75 11.3806 826.513 1245.27  5.50635e+48  1.59082e+31  3.36056e+32  9.89  0.22548
0.735152 1.06157 1.13208 1.05274 2.23  13.4232 0.74 11.3806 837.868 1230.49  5.62396e+48  1.64712e+31  3.34885e+32  9.89  0.22548
0.732734 1.06188 1.13206 1.05274 2.23  13.5402 0.73 11.3806  848.61 1215.34  5.73792e+48  1.70204e+31  3.33726e+32  9.89  0.22548
0.73036 1.06222 1.13208 1.05274 2.23  13.6617 0.72 11.3806 858.703 1199.88  5.8485e+48  1.75548e+31  3.32606e+32  9.89  0.22548
0.728034 1.06251 1.13205 1.05274 2.23  13.7881 0.71 11.3806 868.161 1184.05  5.9549e+48  1.8071e+31  3.3149e+32  9.89  0.22548
0.725788 1.06283 1.13207 1.05274 2.23  13.9197  0.7 11.3806 877.001 1167.84  6.05739e+48  1.85692e+31  3.30428e+32  9.89  0.22548
0.723628 1.06313 1.13208 1.05274 2.23  14.0571 0.69 11.3806 885.243 1151.21  6.15507e+48  1.9046e+31  3.29394e+32  9.89  0.22548
0.721549 1.06342 1.13208 1.05274 2.23  14.2003 0.68 11.3806 892.838 1134.19  6.24792e+48  1.94992e+31  3.28405e+32  9.89  0.22548
0.719585  1.0637  1.1321 1.05274 2.23  14.3501 0.67 11.3806 899.817 1116.74  6.33545e+48  1.99269e+31  3.2747e+32  9.89  0.22548
0.71773 1.06394 1.13209 1.05274 2.23  14.5069 0.66 11.3806 906.146 1098.83  6.41674e+48  2.03246e+31  3.26577e+32  9.89  0.22548
0.716023 1.06417  1.1321 1.05274 2.23  14.6714 0.65 11.3806 911.851 1080.44  6.49144e+48  2.06906e+31  3.25756e+32  9.89  0.22548
0.714456 1.06436 1.13207 1.05274 2.23   14.844 0.64 11.3806 916.868 1061.58  6.55884e+48  2.10205e+31  3.24993e+32  9.89  0.22548
0.713086 1.06457 1.13209 1.05274 2.23  15.0256 0.63 11.3806 921.246 1042.22  6.61857e+48  2.13132e+31  3.24339e+32  9.89  0.22548
0.71189  1.0647 1.13206 1.05274 2.23  15.2168 0.62 11.3806 924.895 1022.37  6.6695e+48  2.15623e+31  3.23752e+32  9.89  0.22548
0.710927 1.06486 1.13209 1.05274 2.23  15.4185 0.61 11.3806 927.861   1002  6.71132e+48  2.17671e+31  3.23297e+32  9.89  0.22548
0.710182 1.06494 1.13207 1.05274 2.23  15.6314  0.6 11.3806 930.055 981.128  6.74278e+48  2.19208e+31  3.22929e+32  9.89  0.22548
0.709703 1.06501 1.13208 1.05274 2.23  15.8566 0.59 11.3806 931.493 959.743  6.76343e+48  2.20219e+31  3.227e+32  9.89  0.22548
0.709476 1.06503 1.13207 1.05274 2.23   16.095 0.58 11.3806 932.117 937.865  6.77262e+48  2.20666e+31  3.22591e+32  9.89  0.22548
    0.9 1.25573 1.37398 1.25573 2.23    11.39    1  11.39       0 1690.18  0  0  5.40162e+32  9.89  0.22548
0.897029 1.25619 1.37397 1.25573 2.23  11.4425 0.99  11.39 196.621 1671.1  1.41047e+48  9.69396e+29  5.38401e+32  9.89  0.22548
0.894158 1.25671 1.37401 1.25573 2.23  11.4967 0.98  11.39 278.894 1658.28  2.01464e+48  1.96402e+30  5.36685e+32  9.89  0.22548
0.891257 1.25721 1.37399 1.25573 2.23  11.5521 0.97  11.39 341.324 1646.32  2.48279e+48  2.96221e+30  5.34911e+32  9.89  0.22548
0.888316 1.25772 1.37399 1.25573 2.23  11.6089 0.96  11.39 393.194 1634.81  2.88044e+48  3.9589e+30  5.33132e+32  9.89  0.22548
0.885334 1.25819 1.37394 1.25573 2.23  11.6669 0.95  11.39 438.343 1623.48  3.23408e+48  4.95535e+30  5.31297e+32  9.89  0.22548
0.882361 1.25875 1.37399 1.25573 2.23  11.7264 0.94  11.39 478.767 1612.27  3.55812e+48  5.95461e+30  5.29519e+32  9.89  0.22548
0.879323 1.25924 1.37397 1.25573 2.23  11.7873 0.93  11.39  515.52   1601  3.85921e+48  6.95428e+30  5.27658e+32  9.89  0.22548
0.876276 1.25976 1.37397 1.25573 2.23  11.8498 0.92  11.39 549.296 1589.72  4.14244e+48  7.95373e+30  5.25798e+32  9.89  0.22548
0.873214 1.26031   1.374 1.25573 2.23  11.9138 0.91  11.39 580.657 1578.38  4.41173e+48  8.95442e+30  5.23942e+32  9.89  0.22548
0.870106 1.26081 1.37396 1.25573 2.23  11.9795  0.9  11.39 609.906 1566.89  4.66861e+48  9.95312e+30  5.22014e+32  9.89  0.22548
0.866999 1.26138   1.374 1.25573 2.23  12.0469 0.89  11.39 637.364 1555.3  4.916e+48  1.09523e+31  5.20131e+32  9.89  0.22548
0.863855 1.26192   1.374 1.25573 2.23  12.1161 0.88  11.39 663.194 1543.56  5.1544e+48  1.19489e+31  5.18198e+32  9.89  0.22548
0.860686 1.26244 1.37399 1.25573 2.23  12.1871 0.87  11.39 687.573 1531.67  5.38511e+48  1.29426e+31  5.1624e+32  9.89  0.22548
0.85751   1.263 1.37401 1.25573 2.23  12.2601 0.86  11.39 710.673 1519.62  5.60951e+48  1.39349e+31  5.14293e+32  9.89  0.22548
0.854295 1.26352 1.37399 1.25573 2.23  12.3353 0.85  11.39 732.564 1507.34  5.8275e+48  1.49223e+31  5.12294e+32  9.89  0.22548
0.851084 1.26406 1.37397 1.25573 2.23  12.4125 0.84  11.39 753.402 1494.85  6.04035e+48  1.59073e+31  5.10293e+32  9.89  0.22548
0.847862 1.26462 1.37399 1.25573 2.23  12.4919 0.83  11.39  773.18 1482.19  6.24827e+48  1.68869e+31  5.08304e+32  9.89  0.22548
0.84463 1.26518 1.37401 1.25573 2.23  12.5737 0.82  11.39 791.992 1469.31  6.45164e+48  1.78607e+31  5.06308e+32  9.89  0.22548
0.841372 1.26572 1.37399 1.25573 2.23  12.6581 0.81  11.39 809.879 1456.17  6.65026e+48  1.88264e+31  5.04273e+32  9.89  0.22548
0.838114 1.26625 1.37397 1.25573 2.23   12.745  0.8  11.39 826.919 1442.78  6.84483e+48  1.97849e+31  5.02232e+32  9.89  0.22548
0.834867 1.26679 1.37397 1.25573 2.23  12.8347 0.79  11.39 843.149 1429.12  7.03551e+48  2.07352e+31  5.00198e+32  9.89  0.22548
0.83163 1.26737 1.37401 1.25573 2.23  12.9273 0.78  11.39 858.583 1415.22  7.22267e+48  2.16765e+31  4.98195e+32  9.89  0.22548
0.828374 1.26787 1.37395 1.25573 2.23  13.0229 0.77  11.39 873.242 1400.99  7.40523e+48  2.26038e+31  4.9613e+32  9.89  0.22548
0.825178 1.26845 1.37399 1.25573 2.23  13.1218 0.76  11.39 887.219 1386.48  7.58472e+48  2.35223e+31  4.9414e+32  9.89  0.22548
0.82197 1.26898   1.374 1.25573 2.23  13.2241 0.75  11.39 900.446 1371.64  7.75998e+48  2.44246e+31  4.92125e+32  9.89  0.22548
0.818796 1.26951 1.37399 1.25573 2.23  13.3301 0.74  11.39  912.97 1356.49  7.93121e+48  2.53107e+31  4.90126e+32  9.89  0.22548
0.815653 1.27004 1.37399 1.25573 2.23  13.4399 0.73  11.39 924.823 1340.97  8.0982e+48  2.61791e+31  4.88141e+32  9.89  0.22548
0.812556 1.27055 1.37398 1.25573 2.23  13.5539 0.72  11.39 936.003 1325.1  8.26082e+48  2.70277e+31  4.86182e+32  9.89  0.22548
0.809515 1.27106 1.37399 1.25573 2.23  13.6723 0.71  11.39 946.526 1308.84  8.41882e+48  2.78543e+31  4.84259e+32  9.89  0.22548
0.806545 1.27156 1.37398 1.25573 2.23  13.7954  0.7  11.39 956.419 1292.16  8.57162e+48  2.86563e+31  4.82372e+32  9.89  0.22548
0.803647 1.27205 1.37399 1.25573 2.23  13.9236 0.69  11.39 965.646 1275.09  8.71927e+48  2.94311e+31  4.80538e+32  9.89  0.22548
0.800841 1.27253   1.374 1.25573 2.23  14.0572 0.68  11.39  974.23 1257.57  8.86084e+48  3.01748e+31  4.78758e+32  9.89  0.22548
0.798143 1.27298   1.374 1.25573 2.23  14.1967 0.67  11.39 982.164 1239.59  8.99584e+48  3.08841e+31  4.77041e+32  9.89  0.22548
0.795574  1.2734 1.37399 1.25573 2.23  14.3425 0.66  11.39  989.46 1221.1  9.12314e+48  3.15538e+31  4.75393e+32  9.89  0.22548
0.793144 1.27379 1.37397 1.25573 2.23  14.4952 0.65  11.39 996.086 1202.1  9.24249e+48  3.21806e+31  4.7383e+32  9.89  0.22548
0.790888 1.27418 1.37398 1.25573 2.23  14.6552 0.64  11.39 1002.04 1182.61  9.3534e+48  3.27616e+31  4.72396e+32  9.89  0.22548
0.78884 1.27455 1.37401 1.25573 2.23  14.8235 0.63  11.39 1007.34 1162.54  9.45406e+48  3.32893e+31  4.71093e+32  9.89  0.22548
0.786984 1.27483 1.37398 1.25573 2.23  15.0004 0.62  11.39 1011.92 1141.88  9.5432e+48  3.37557e+31  4.6989e+32  9.89  0.22548
0.785398 1.27509 1.37397 1.25573 2.23  15.1871 0.61  11.39 1015.79 1120.62  9.61993e+48  3.41573e+31  4.68867e+32  9.89  0.22548
0.784079  1.2753 1.37397 1.25573 2.23  15.3841  0.6  11.39  1018.9 1098.75  9.68324e+48  3.44874e+31  4.68018e+32  9.89  0.22548
0.783091 1.27549 1.37399 1.25573 2.23  15.5926 0.59  11.39 1021.25 1076.26  9.7316e+48  3.47396e+31  4.67392e+32  9.89  0.22548
0.782428 1.27561   1.374 1.25573 2.23  15.8135 0.58  11.39 1022.77 1053.14  9.76361e+48  3.49058e+31  4.66971e+32  9.89  0.22548
0.782133 1.27564 1.37397 1.25573 2.23  16.0482 0.57  11.39 1023.43 1029.34  9.77689e+48  3.49757e+31  4.66768e+32  9.89  0.22548
      1 1.43871 1.60062 1.43871 2.23  11.3787    1 11.3787       0 1811.77  0  0  7.4428e+32  9.89  0.22548
0.996321  1.4394 1.60064 1.43871 2.23  11.4301 0.99 11.3787 211.053 1789.29  1.84005e+48  1.35746e+30  7.4155e+32  9.89  0.22548
0.992835 1.44013 1.60064 1.43871 2.23  11.4827 0.98 11.3787 299.391 1775.2  2.62839e+48  2.75066e+30  7.38913e+32  9.89  0.22548
0.989247 1.44082 1.60061 1.43871 2.23  11.5364 0.97 11.3787 366.418 1762.32  3.23928e+48  4.14891e+30  7.36195e+32  9.89  0.22548
0.985674 1.44155 1.60061 1.43871 2.23  11.5913 0.96 11.3787 422.042 1750.09  3.75753e+48  5.54327e+30  7.33491e+32  9.89  0.22548
0.98205 1.44229 1.60062 1.43871 2.23  11.6475 0.95 11.3787 470.726 1738.09  4.2211e+48  6.94548e+30  7.30753e+32  9.89  0.22548
0.978384 1.44303 1.60063 1.43871 2.23  11.7051 0.94 11.3787 514.235 1726.21  4.64464e+48  8.34876e+30  7.27976e+32  9.89  0.22548
0.974691 1.44376 1.60061 1.43871 2.23  11.7641 0.93 11.3787 553.685 1714.41  5.03761e+48  9.74981e+30  7.25156e+32  9.89  0.22548
0.970976 1.44454 1.60065 1.43871 2.23  11.8245 0.92 11.3787 590.013 1702.62  5.40815e+48  1.11537e+31  7.22357e+32  9.89  0.22548
0.967213 1.44528 1.60065 1.43871 2.23  11.8864 0.91 11.3787 623.612 1690.78  5.75896e+48  1.25536e+31  7.19486e+32  9.89  0.22548
0.96341 1.44602 1.60062 1.43871 2.23    11.95  0.9 11.3787 655.017 1678.85  6.09477e+48  1.39546e+31  7.1657e+32  9.89  0.22548
0.959596 1.44679 1.60064 1.43871 2.23  12.0151 0.89 11.3787 684.442 1666.84  6.41748e+48  1.53536e+31  7.13665e+32  9.89  0.22548
0.955744 1.44755 1.60063 1.43871 2.23   12.082 0.88 11.3787 712.146 1654.7  6.72888e+48  1.67502e+31  7.10705e+32  9.89  0.22548
0.951858 1.44831 1.60063 1.43871 2.23  12.1507 0.87 11.3787 738.332 1642.38  7.03074e+48  1.81452e+31  7.07722e+32  9.89  0.22548
0.947961 1.44907  1.6006 1.43871 2.23  12.2212 0.86 11.3787  763.12 1629.89  7.32372e+48  1.95359e+31  7.04702e+32  9.89  0.22548
0.944039 1.44985  1.6006 1.43871 2.23  12.2937 0.85 11.3787 786.624 1617.24  7.60933e+48  2.09229e+31  7.0168e+32  9.89  0.22548
0.94011 1.45064 1.60062 1.43871 2.23  12.3681 0.84 11.3787 808.919 1604.43  7.88792e+48  2.23037e+31  6.98659e+32  9.89  0.22548
0.936141 1.45142 1.60063 1.43871 2.23  12.4448 0.83 11.3787 830.128 1591.37  8.16017e+48  2.36784e+31  6.95594e+32  9.89  0.22548
0.932162 1.45219 1.60061 1.43871 2.23  12.5237 0.82 11.3787 850.284 1578.11  8.42626e+48  2.50442e+31  6.92501e+32  9.89  0.22548
0.928201 1.45302 1.60067 1.43871 2.23  12.6048 0.81 11.3787 869.506 1564.64  8.68779e+48  2.64053e+31  6.89462e+32  9.89  0.22548
0.924186 1.45377 1.60062 1.43871 2.23  12.6885  0.8 11.3787  887.77 1550.86  8.94298e+48  2.77518e+31  6.86312e+32  9.89  0.22548
0.920194 1.45457 1.60063 1.43871 2.23  12.7748 0.79 11.3787 905.165 1536.86  9.19398e+48  2.90897e+31  6.83212e+32  9.89  0.22548
0.916198 1.45535 1.60064 1.43871 2.23  12.8637 0.78 11.3787 921.712 1522.59  9.44007e+48  3.04144e+31  6.80097e+32  9.89  0.22548
0.912202 1.45613 1.60064 1.43871 2.23  12.9556 0.77 11.3787 937.442 1508.01  9.68141e+48  3.17242e+31  6.76976e+32  9.89  0.22548
0.908226 1.45691 1.60063 1.43871 2.23  13.0504 0.76 11.3787 952.428 1493.11  9.91824e+48  3.30199e+31  6.73861e+32  9.89  0.22548
0.90426 1.45768 1.60062 1.43871 2.23  13.1485 0.75 11.3787 966.617 1477.92  1.01502e+49  3.42955e+31  6.70744e+32  9.89  0.22548
0.900313 1.45844 1.60062 1.43871 2.23    13.25 0.74 11.3787 980.064 1462.38  1.03775e+49  3.55514e+31  6.67644e+32  9.89  0.22548
0.896413  1.4592 1.60061 1.43871 2.23   13.355 0.73 11.3787 992.804 1446.5  1.06e+49  3.67855e+31  6.64575e+32  9.89  0.22548
0.892548 1.45997 1.60063 1.43871 2.23   13.464 0.72 11.3787 1004.83 1430.25  1.08175e+49  3.79954e+31  6.61543e+32  9.89  0.22548
0.888737  1.4607 1.60062 1.43871 2.23  13.5769 0.71 11.3787 1016.16 1413.61  1.10292e+49  3.91755e+31  6.58526e+32  9.89  0.22548
0.88501 1.46146 1.60064 1.43871 2.23  13.6943  0.7 11.3787 1026.83 1396.55  1.12356e+49  4.03275e+31  6.55592e+32  9.89  0.22548
0.881341 1.46215 1.60062 1.43871 2.23  13.8162 0.69 11.3787 1036.79 1379.07  1.1435e+49  4.14415e+31  6.52672e+32  9.89  0.22548
0.877769 1.46284 1.60061 1.43871 2.23  13.9433 0.68 11.3787 1046.08 1361.13  1.16278e+49  4.25178e+31  6.49836e+32  9.89  0.22548
0.874317 1.46353 1.60063 1.43871 2.23  14.0756 0.67 11.3787 1054.71 1342.74  1.18133e+49  4.35526e+31  6.47108e+32  9.89  0.22548
0.871001 1.46416 1.60062 1.43871 2.23  14.2138 0.66 11.3787 1062.67 1323.8  1.19897e+49  4.45366e+31  6.44457e+32  9.89  0.22548
0.867842  1.4648 1.60064 1.43871 2.23  14.3582 0.65 11.3787 1069.96 1304.37  1.21574e+49  4.54691e+31  6.41953e+32  9.89  0.22548
0.864858 1.46538 1.60064 1.43871 2.23  14.5094 0.64 11.3787 1076.56 1284.37  1.23142e+49  4.63394e+31  6.39569e+32  9.89  0.22548
0.862087 1.46592 1.60064 1.43871 2.23   14.668 0.63 11.3787 1082.47 1263.79  1.24592e+49  4.71424e+31  6.37358e+32  9.89  0.22548
0.859558 1.46639 1.60061 1.43871 2.23  14.8347 0.62 11.3787 1087.67 1242.55  1.259e+49  4.78666e+31  6.35313e+32  9.89  0.22548
0.857305  1.4668 1.60058 1.43871 2.23  15.0101 0.61 11.3787 1092.15 1220.7  1.27062e+49  4.8507e+31  6.33493e+32  9.89  0.22548
0.855401 1.46721 1.60062 1.43871 2.23  15.1951  0.6 11.3787 1095.91 1198.18  1.2806e+49  4.90566e+31  6.31984e+32  9.89  0.22548
0.853843 1.46754 1.60065 1.43871 2.23  15.3907 0.59 11.3787 1098.89 1174.97  1.28872e+49  4.95016e+31  6.30749e+32  9.89  0.22548
0.852683 1.46774 1.60062 1.43871 2.23  15.5981 0.58 11.3787 1101.03 1150.97  1.29458e+49  4.9824e+31  6.29798e+32  9.89  0.22548
0.851967 1.46788 1.60062 1.43871 2.23   15.818 0.57 11.3787 1102.33 1126.3  1.29826e+49  5.00244e+31  6.29224e+32  9.89  0.22548
    1.1 1.59233 1.79801 1.59233 2.23  11.3451    1 11.3451       0 1914.52  0  0  9.59959e+32  9.89  0.22548
1.09509 1.59319 1.79802 1.59233 2.23  11.3961 0.99 11.3451 225.191 1888.33  2.26854e+48  1.78569e+30  9.55845e+32  9.89  0.22548
1.09066  1.5941 1.79802 1.59233 2.23  11.4474 0.98 11.3451 318.216   1873  3.22816e+48  3.59076e+30  9.52075e+32  9.89  0.22548
1.08624 1.59504   1.798 1.59233 2.23  11.4999 0.97 11.3451 388.869 1859.28  3.97282e+48  5.40021e+30  9.48283e+32  9.89  0.22548
1.08171   1.596 1.79802 1.59233 2.23  11.5538 0.96 11.3451 448.232 1846.18  4.61182e+48  7.22575e+30  9.44418e+32  9.89  0.22548
1.07718 1.59693 1.79798 1.59233 2.23  11.6087 0.95 11.3451 499.594 1833.54  5.1771e+48  9.04092e+30  9.40498e+32  9.89  0.22548
 1.0726  1.5979 1.79797 1.59233 2.23  11.6651 0.94 11.3451 545.869 1821.02  5.69765e+48  1.08716e+31  9.36549e+32  9.89  0.22548
1.06797 1.59888 1.79798 1.59233 2.23  11.7229 0.93 11.3451 587.756 1808.64  6.17994e+48  1.26967e+31  9.32569e+32  9.89  0.22548
1.06334 1.59989 1.79802 1.59233 2.23  11.7819 0.92 11.3451 626.171 1796.36  6.63305e+48  1.45182e+31  9.28597e+32  9.89  0.22548
1.05863 1.60087 1.79801 1.59233 2.23  11.8426 0.91 11.3451  661.91 1783.99  7.06434e+48  1.63448e+31  9.24517e+32  9.89  0.22548
1.05392 1.60186 1.79801 1.59233 2.23  11.9045  0.9 11.3451 695.098 1771.62  7.47494e+48  1.81619e+31  9.20427e+32  9.89  0.22548
1.04915 1.60288 1.79803 1.59233 2.23  11.9683 0.89 11.3451  726.34 1759.12  7.8711e+48  1.99841e+31  9.16301e+32  9.89  0.22548
1.04434 1.60386 1.79799 1.59233 2.23  12.0337 0.88 11.3451 755.663 1746.52  8.25226e+48  2.17976e+31  9.12081e+32  9.89  0.22548
1.03953  1.6049 1.79803 1.59233 2.23  12.1008 0.87 11.3451 783.392 1733.81  8.62259e+48  2.36116e+31  9.07914e+32  9.89  0.22548
1.03465 1.60588 1.79798 1.59233 2.23  12.1697 0.86 11.3451 809.604 1720.91  8.98153e+48  2.54174e+31  9.03623e+32  9.89  0.22548
1.02979 1.60693 1.79801 1.59233 2.23  12.2404 0.85 11.3451 834.432 1707.86  9.33127e+48  2.7217e+31  8.99384e+32  9.89  0.22548
1.02489 1.60797 1.79803 1.59233 2.23  12.3132 0.84 11.3451 858.038 1694.62  9.67308e+48  2.90121e+31  8.95099e+32  9.89  0.22548
1.01997 1.60898 1.79801 1.59233 2.23  12.3878 0.83 11.3451 880.379 1681.21  1.00059e+49  3.07918e+31  8.90756e+32  9.89  0.22548
  1.015 1.61001   1.798 1.59233 2.23  12.4649 0.82 11.3451 901.683 1667.53  1.03325e+49  3.25664e+31  8.86382e+32  9.89  0.22548
1.01003   1.611 1.79795 1.59233 2.23   12.544 0.81 11.3451 921.891 1653.66  1.06516e+49  3.43244e+31  8.81964e+32  9.89  0.22548
1.00505 1.61201 1.79792 1.59233 2.23  12.6256  0.8 11.3451  941.17 1639.53  1.09652e+49  3.6074e+31  8.7754e+32  9.89  0.22548
1.00019 1.61323 1.79814 1.59233 2.23  12.7095 0.79 11.3451  959.57 1625.23  1.12753e+49  3.78193e+31  8.73374e+32  9.89  0.22548
0.995331 1.61418 1.79803 1.59233 2.23  12.7962 0.78 11.3451 976.989 1610.52  1.15765e+49  3.95346e+31  8.68851e+32  9.89  0.22548
0.990533 1.61521 1.79803 1.59233 2.23  12.8855 0.77 11.3451 993.553 1595.6  1.18731e+49  4.12346e+31  8.64439e+32  9.89  0.22548
0.98573 1.61623 1.79802 1.59233 2.23  12.9779 0.76 11.3451  1009.3 1580.33  1.21643e+49  4.29154e+31  8.6001e+32  9.89  0.22548
0.980969 1.61726 1.79802 1.59233 2.23  13.0731 0.75 11.3451 1024.24 1564.78  1.24501e+49  4.45742e+31  8.55619e+32  9.89  0.22548
0.976223 1.61826   1.798 1.59233 2.23  13.1716 0.74 11.3451  1038.4 1548.87  1.27304e+49  4.62078e+31  8.51219e+32  9.89  0.22548
0.971505 1.61926 1.79799 1.59233 2.23  13.2735 0.73 11.3451 1051.78 1532.62  1.30048e+49  4.78119e+31  8.4685e+32  9.89  0.22548
0.966851 1.62027   1.798 1.59233 2.23  13.3791 0.72 11.3451 1064.44 1516.01  1.32739e+49  4.93886e+31  8.4254e+32  9.89  0.22548
0.96225 1.62126 1.79799 1.59233 2.23  13.4885 0.71 11.3451 1076.36 1498.98  1.35362e+49  5.09288e+31  8.38262e+32  9.89  0.22548
0.95773 1.62226 1.79802 1.59233 2.23  13.6019  0.7 11.3451 1087.57 1481.58  1.37929e+49  5.24351e+31  8.34078e+32  9.89  0.22548
0.953289 1.62321 1.79801 1.59233 2.23  13.7197 0.69 11.3451 1098.05 1463.73  1.40416e+49  5.38948e+31  8.29931e+32  9.89  0.22548
0.948945 1.62415 1.79803 1.59233 2.23  13.8423 0.68 11.3451 1107.85 1445.41  1.4283e+49  5.53106e+31  8.25889e+32  9.89  0.22548
0.94472 1.62503 1.79799 1.59233 2.23  13.9697 0.67 11.3451 1116.91 1426.63  1.45149e+49  5.66683e+31  8.21907e+32  9.89  0.22548
0.940667 1.62594 1.79804 1.59233 2.23  14.1027 0.66 11.3451 1125.34 1407.32  1.47386e+49  5.79759e+31  8.18139e+32  9.89  0.22548
0.936754 1.62676 1.79802 1.59233 2.23  14.2414 0.65 11.3451 1133.02 1387.5  1.49505e+49  5.9211e+31  8.1445e+32  9.89  0.22548
0.933054 1.62757 1.79803 1.59233 2.23  14.3865 0.64 11.3451 1140.03 1367.08  1.51513e+49  6.03775e+31  8.10981e+32  9.89  0.22548
0.929599 1.62831 1.79802 1.59233 2.23  14.5384 0.63 11.3451 1146.34 1346.07  1.53377e+49  6.14586e+31  8.07717e+32  9.89  0.22548
0.926401 1.62902 1.79804 1.59233 2.23  14.6977 0.62 11.3451 1151.94 1324.44  1.55098e+49  6.24515e+31  8.04713e+32  9.89  0.22548
0.923505 1.62961 1.79801 1.59233 2.23  14.8652 0.61 11.3451  1156.8 1302.12  1.56635e+49  6.33366e+31  8.01959e+32  9.89  0.22548
0.920994 1.63017 1.79803 1.59233 2.23  15.0417  0.6 11.3451 1160.92 1279.09  1.57979e+49  6.41079e+31  7.99589e+32  9.89  0.22548
0.918866  1.6306   1.798 1.59233 2.23   15.228 0.59 11.3451 1164.27 1255.32  1.591e+49  6.47489e+31  7.97557e+32  9.89  0.22548
0.917239 1.63096 1.79801 1.59233 2.23  15.4249 0.58 11.3451 1166.84 1230.8  1.59973e+49  6.52477e+31  7.96018e+32  9.89  0.22548
0.916114 1.63122 1.79802 1.59233 2.23  15.6338 0.57 11.3451 1168.56 1205.48  1.60573e+49  6.55888e+31  7.94963e+32  9.89  0.22548
0.915585 1.63134 1.79803 1.59233 2.23  15.8556 0.56 11.3451 1169.39 1179.37  1.60862e+49  6.57536e+31  7.94464e+32  9.89  0.22548
    1.2 1.72293 1.97177 1.72293 2.23  11.2913    1 11.2913       0 2005.76  0  0  1.18584e+33  9.89  0.22548
 1.1944 1.72416 1.97179 1.72293 2.23  11.3426 0.99 11.2913 236.576 1976.12  2.66359e+48  2.20265e+30  1.18035e+33  9.89  0.22548
 1.1889  1.7253 1.97179 1.72293 2.23  11.3933 0.98 11.2913 336.384 1959.17  3.81333e+48  4.48382e+30  1.1751e+33  9.89  0.22548
 1.1835 1.72646 1.97177 1.72293 2.23  11.4449 0.97 11.2913 410.869 1944.36  4.6904e+48  6.7363e+30  1.16989e+33  9.89  0.22548
1.17807 1.72765 1.97179 1.72293 2.23  11.4979 0.96 11.2913  473.18 1930.45  5.44047e+48  8.99852e+30  1.16467e+33  9.89  0.22548
1.17253 1.72882 1.97177 1.72293 2.23  11.5521 0.95 11.2913  527.48   1917  6.10845e+48  1.12628e+31  1.15932e+33  9.89  0.22548
1.16702 1.73003 1.97179 1.72293 2.23  11.6076 0.94 11.2913 575.727 1903.9  6.716e+48  1.35156e+31  1.154e+33  9.89  0.22548
 1.1614 1.73122 1.97177 1.72293 2.23  11.6646 0.93 11.2913 619.831 1890.89  7.28393e+48  1.57815e+31  1.14854e+33  9.89  0.22548
 1.1558 1.73245  1.9718 1.72293 2.23  11.7228 0.92 11.2913 660.151 1878.05  7.81591e+48  1.80356e+31  1.14312e+33  9.89  0.22548
1.15012 1.73367  1.9718 1.72293 2.23  11.7827 0.91 11.2913 697.597 1865.15  8.32184e+48  2.02924e+31  1.13759e+33  9.89  0.22548
1.14439 1.73487 1.97177 1.72293 2.23  11.8439  0.9 11.2913 732.518 1852.24  8.80518e+48  2.25458e+31  1.13198e+33  9.89  0.22548
1.13868 1.73611 1.97176 1.72293 2.23  11.9066 0.89 11.2913 765.158 1839.3  9.2688e+48  2.47904e+31  1.12638e+33  9.89  0.22548
1.13289 1.73736 1.97177 1.72293 2.23  11.9712 0.88 11.2913 795.974 1826.21  9.71751e+48  2.70372e+31  1.12072e+33  9.89  0.22548
1.12714 1.73864  1.9718 1.72293 2.23  12.0371 0.87 11.2913 824.998 1813.05  1.01515e+49  2.92745e+31  1.11508e+33  9.89  0.22548
 1.1213 1.73988 1.97176 1.72293 2.23  12.1051 0.86 11.2913 852.498 1799.68  1.05736e+49  3.15082e+31  1.1093e+33  9.89  0.22548
1.11547 1.74116 1.97178 1.72293 2.23  12.1747 0.85 11.2913 878.471 1786.23  1.09838e+49  3.37278e+31  1.10356e+33  9.89  0.22548
1.10957 1.74241 1.97175 1.72293 2.23  12.2464 0.84 11.2913 903.141 1772.52  1.13842e+49  3.59389e+31  1.0977e+33  9.89  0.22548
1.10369 1.74368 1.97175 1.72293 2.23  12.3199 0.83 11.2913 926.551 1758.68  1.17755e+49  3.81379e+31  1.09188e+33  9.89  0.22548
1.09782   1.745 1.97179 1.72293 2.23  12.3956 0.82 11.2913 948.803 1744.64  1.2159e+49  4.03258e+31  1.08608e+33  9.89  0.22548
1.09188 1.74627 1.97177 1.72293 2.23  12.4735 0.81 11.2913 969.964 1730.32  1.25343e+49  4.24975e+31  1.08016e+33  9.89  0.22548
1.08598 1.74756 1.97178 1.72293 2.23  12.5536  0.8 11.2913 990.069 1715.79  1.29023e+49  4.46519e+31  1.07428e+33  9.89  0.22548
1.08007 1.74886  1.9718 1.72293 2.23  12.6361 0.79 11.2913 1009.21 1701.01  1.32641e+49  4.67915e+31  1.06839e+33  9.89  0.22548
1.07413 1.75012 1.97176 1.72293 2.23  12.7212 0.78 11.2913 1027.32 1685.95  1.36179e+49  4.8902e+31  1.06242e+33  9.89  0.22548
1.06822 1.75141 1.97176 1.72293 2.23   12.809 0.77 11.2913 1044.59 1670.62  1.39667e+49  5.0997e+31  1.05649e+33  9.89  0.22548
1.06235 1.75269 1.97177 1.72293 2.23  12.8993 0.76 11.2913 1060.93 1655.02  1.43086e+49  5.30631e+31  1.0506e+33  9.89  0.22548
1.05649   1.754  1.9718 1.72293 2.23  12.9929 0.75 11.2913 1076.49 1639.04  1.46451e+49  5.51078e+31  1.04472e+33  9.89  0.22548
1.05067 1.75525 1.97178 1.72293 2.23  13.0892 0.74 11.2913 1091.16 1622.77  1.49743e+49  5.71141e+31  1.03883e+33  9.89  0.22548
1.04486 1.75649 1.97175 1.72293 2.23  13.1892 0.73 11.2913 1105.05 1606.1  1.52973e+49  5.90887e+31  1.03293e+33  9.89  0.22548
1.03917 1.75776 1.97177 1.72293 2.23  13.2923 0.72 11.2913 1118.16 1589.14  1.5614e+49  6.10275e+31  1.02717e+33  9.89  0.22548
1.03352   1.759 1.97178 1.72293 2.23  13.3993 0.71 11.2913 1130.52 1571.72  1.5924e+49  6.29274e+31  1.02144e+33  9.89  0.22548
1.02794 1.76019 1.97174 1.72293 2.23  13.5099  0.7 11.2913 1142.09 1553.93  1.62255e+49  6.47749e+31  1.01573e+33  9.89  0.22548
1.02248  1.7614 1.97176 1.72293 2.23   13.625 0.69 11.2913 1152.94 1535.69  1.65203e+49  6.6578e+31  1.01017e+33  9.89  0.22548
1.01716 1.76259 1.97177 1.72293 2.23  13.7443 0.68 11.2913 1163.06   1517  1.68059e+49  6.83237e+31  1.00474e+33  9.89  0.22548
1.01195  1.7637 1.97174 1.72293 2.23  13.8684 0.67 11.2913 1172.44 1497.82  1.70818e+49  7.00058e+31  9.99376e+32  9.89  0.22548
1.00692 1.76478  1.9717 1.72293 2.23  13.9976 0.66 11.2913 1181.11 1478.13  1.73468e+49  7.16171e+31  9.9418e+32  9.89  0.22548
1.00215 1.76595 1.97184 1.72293 2.23  14.1321 0.65 11.2913 1189.11 1457.97  1.76028e+49  7.3167e+31  9.89364e+32  9.89  0.22548
0.997637 1.76697 1.97183 1.72293 2.23  14.2727 0.64 11.2913 1196.37 1437.17  1.78433e+49  7.4619e+31  9.84624e+32  9.89  0.22548
0.993423 1.76787 1.97176 1.72293 2.23  14.4196 0.63 11.2913 1202.87 1415.77  1.80679e+49  7.59689e+31  9.80086e+32  9.89  0.22548
0.989555 1.76878 1.97179 1.72293 2.23  14.5737 0.62 11.2913 1208.71 1393.73  1.82769e+49  7.72205e+31  9.75961e+32  9.89  0.22548
0.986036 1.76958 1.97177 1.72293 2.23  14.7351 0.61 11.2913  1213.8 1371.02  1.84654e+49  7.83454e+31  9.72177e+32  9.89  0.22548
0.982914 1.77031  1.9718 1.72293 2.23  14.9051  0.6 11.2913 1218.15 1347.59  1.86332e+49  7.9341e+31  9.68846e+32  9.89  0.22548
0.98025  1.7709 1.97177 1.72293 2.23   15.084 0.59 11.2913 1221.72 1323.41  1.87747e+49  8.01778e+31  9.65964e+32  9.89  0.22548
0.978123 1.77137 1.97175 1.72293 2.23   15.273 0.58 11.2913 1224.52 1298.41  1.88876e+49  8.08444e+31  9.63662e+32  9.89  0.22548
0.976591 1.77173 1.97176 1.72293 2.23  15.4733 0.57 11.2913 1226.47 1272.59  1.8969e+49  8.13227e+31  9.62018e+32  9.89  0.22548
0.975761 1.77196 1.97179 1.72293 2.23  15.6855 0.56 11.2913 1227.58 1245.97  1.90152e+49  8.15945e+31  9.61146e+32  9.89  0.22548
    1.3 1.83168 2.12118 1.83168 2.23  11.2216    1 11.2216       0 2087.46  0  0  1.41461e+33  9.89  0.22548
1.29318 1.83317 2.12117 1.83168 2.23  11.2733 0.99 11.2216  247.62 2054.18  3.03444e+48  2.62647e+30  1.40721e+33  9.89  0.22548
1.28677 1.83461 2.12117 1.83168 2.23  11.3237 0.98 11.2216 351.892 2035.93  4.34216e+48  5.34101e+30  1.40047e+33  9.89  0.22548
 1.2802 1.83603  2.1212 1.83168 2.23  11.3752 0.97 11.2216 430.825 2019.97  5.35348e+48  8.06205e+30  1.39361e+33  9.89  0.22548
1.27367 1.83745 2.12119 1.83168 2.23  11.4277 0.96 11.2216 495.811 2005.19  6.205e+48  1.07539e+31  1.38671e+33  9.89  0.22548
  1.267 1.83885 2.12116 1.83168 2.23  11.4817 0.95 11.2216 552.904 1990.89  6.96952e+48  1.34698e+31  1.37965e+33  9.89  0.22548
1.26036  1.8403 2.12119 1.83168 2.23  11.5368 0.94 11.2216 603.569 1977.05  7.66398e+48  1.61692e+31  1.37264e+33  9.89  0.22548
1.25367 1.84176  2.1212 1.83168 2.23  11.5933 0.93 11.2216 649.538 1963.4  8.30902e+48  1.88653e+31  1.36556e+33  9.89  0.22548
1.24687 1.84319 2.12117 1.83168 2.23  11.6513 0.92 11.2216 691.878 1949.82  8.917e+48  2.15654e+31  1.35832e+33  9.89  0.22548
1.24015 1.84468 2.12121 1.83168 2.23  11.7104 0.91 11.2216 730.882 1936.39  9.49149e+48  2.42488e+31  1.35118e+33  9.89  0.22548
1.23326 1.84612 2.12117 1.83168 2.23  11.7714  0.9 11.2216 767.378 1922.83  1.0042e+49  2.69364e+31  1.34381e+33  9.89  0.22548
1.22642  1.8476 2.12119 1.83168 2.23  11.8336 0.89 11.2216 801.429 1909.33  1.05696e+49  2.96095e+31  1.33651e+33  9.89  0.22548
1.21952 1.84908 2.12117 1.83168 2.23  11.8976 0.88 11.2216 833.445 1895.74  1.10786e+49  3.22754e+31  1.3291e+33  9.89  0.22548
1.21262 1.85059 2.12121 1.83168 2.23  11.9631 0.87 11.2216 863.607 1882.08  1.15714e+49  3.49311e+31  1.32173e+33  9.89  0.22548
1.20567 1.85208 2.12121 1.83168 2.23  12.0305 0.86 11.2216 892.063 1868.26  1.20493e+49  3.75721e+31  1.31425e+33  9.89  0.22548
1.19868 1.85355 2.12117 1.83168 2.23  12.0997 0.85 11.2216  919.05 1854.28  1.2515e+49  4.02048e+31  1.30668e+33  9.89  0.22548
1.19172 1.85505 2.12116 1.83168 2.23  12.1706 0.84 11.2216 944.556 1840.19  1.29683e+49  4.28174e+31  1.29914e+33  9.89  0.22548
1.18471 1.85659 2.12119 1.83168 2.23  12.2438 0.83 11.2216 968.869 1825.85  1.34131e+49  4.54259e+31  1.29158e+33  9.89  0.22548
1.17777 1.85813 2.12122 1.83168 2.23  12.3186 0.82 11.2216 991.905 1811.35  1.38475e+49  4.80119e+31  1.28405e+33  9.89  0.22548
1.17076 1.85964  2.1212 1.83168 2.23  12.3958 0.81 11.2216  1013.8 1796.6  1.42732e+49  5.05807e+31  1.2764e+33  9.89  0.22548
1.16374 1.86115 2.12118 1.83168 2.23  12.4752  0.8 11.2216 1034.56 1781.61  1.46898e+49  5.31224e+31  1.26874e+33  9.89  0.22548
1.15675 1.86267 2.12116 1.83168 2.23  12.5569 0.79 11.2216  1054.3 1766.39  1.50992e+49  5.5645e+31  1.26108e+33  9.89  0.22548
1.14979 1.86419 2.12116 1.83168 2.23  12.6409 0.78 11.2216 1073.03 1750.92  1.55011e+49  5.81411e+31  1.25345e+33  9.89  0.22548
1.14284 1.86575  2.1212 1.83168 2.23  12.7277 0.77 11.2216 1090.83 1735.14  1.58964e+49  6.06127e+31  1.24586e+33  9.89  0.22548
1.13591 1.86723 2.12115 1.83168 2.23   12.817 0.76 11.2216 1107.67 1719.07  1.62833e+49  6.30463e+31  1.23819e+33  9.89  0.22548
1.12902 1.86876 2.12117 1.83168 2.23  12.9093 0.75 11.2216 1123.62 1702.7  1.66642e+49  6.54508e+31  1.23062e+33  9.89  0.22548
1.12219 1.87027 2.12118 1.83168 2.23  13.0045 0.74 11.2216  1138.7 1686.03  1.70378e+49  6.78156e+31  1.22307e+33  9.89  0.22548
 1.1154 1.87174 2.12114 1.83168 2.23  13.1029 0.73 11.2216 1152.93 1668.99  1.7404e+49  7.01394e+31  1.21552e+33  9.89  0.22548
1.10872 1.87325 2.12118 1.83168 2.23  13.2045 0.72 11.2216 1166.38 1651.59  1.77634e+49  7.24225e+31  1.20813e+33  9.89  0.22548
 1.1021 1.87474  2.1212 1.83168 2.23  13.3098 0.71 11.2216 1179.01 1633.79  1.81152e+49  7.46569e+31  1.20078e+33  9.89  0.22548
 1.0956 1.87617 2.12118 1.83168 2.23  13.4187  0.7 11.2216 1190.84 1615.62  1.84581e+49  7.6833e+31  1.19351e+33  9.89  0.22548
1.08919 1.87758 2.12116 1.83168 2.23  13.5317 0.69 11.2216 1201.92 1596.97  1.87924e+49  7.89528e+31  1.18633e+33  9.89  0.22548
1.08296   1.879 2.12119 1.83168 2.23  13.6487 0.68 11.2216 1212.24 1577.92  1.91178e+49  8.10093e+31  1.17937e+33  9.89  0.22548
1.07687 1.88034 2.12116 1.83168 2.23  13.7705 0.67 11.2216 1221.81 1558.35  1.94323e+49  8.29918e+31  1.17251e+33  9.89  0.22548
1.07101 1.88168 2.12118 1.83168 2.23  13.8968 0.66 11.2216 1230.65 1538.31  1.97355e+49  8.48968e+31  1.16592e+33  9.89  0.22548
1.06533 1.88295 2.12117 1.83168 2.23  14.0287 0.65 11.2216 1238.75 1517.7  2.0026e+49  8.67132e+31  1.15951e+33  9.89  0.22548
1.05996  1.8842  2.1212 1.83168 2.23  14.1658 0.64 11.2216 1246.13 1496.56  2.03022e+49  8.84331e+31  1.15346e+33  9.89  0.22548
1.05487 1.88535  2.1212 1.83168 2.23  14.3093 0.63 11.2216 1252.77 1474.79  2.05619e+49  9.00419e+31  1.14768e+33  9.89  0.22548
1.05015 1.88643 2.12121 1.83168 2.23  14.4592 0.62 11.2216  1258.7 1452.38  2.08028e+49  9.1528e+31  1.14233e+33  9.89  0.22548
1.04581 1.88738 2.12116 1.83168 2.23  14.6162 0.61 11.2216 1263.88 1429.28  2.10216e+49  9.28708e+31  1.13736e+33  9.89  0.22548
1.04196 1.88828 2.12119 1.83168 2.23  14.7812  0.6 11.2216 1268.32 1405.46  2.12175e+49  9.40658e+31  1.13299e+33  9.89  0.22548
1.03866 1.88904 2.12119 1.83168 2.23  14.9545 0.59 11.2216 1272.01 1380.91  2.1385e+49  9.50843e+31  1.12922e+33  9.89  0.22548
1.03597 1.88964 2.12118 1.83168 2.23  15.1375 0.58 11.2216 1274.92 1355.53  2.15209e+49  9.59076e+31  1.12614e+33  9.89  0.22548
1.03401 1.89011 2.12119 1.83168 2.23  15.3306 0.57 11.2216 1277.02 1329.34  2.16215e+49  9.65148e+31  1.12389e+33  9.89  0.22548
1.03281 1.89037 2.12118 1.83168 2.23  15.5355 0.56 11.2216 1278.26 1302.24  2.16812e+49  9.68747e+31  1.12251e+33  9.89  0.22548
    1.4 1.92073 2.24705 1.92073 2.23  11.1403    1 11.1403       0 2161.13  0  0  1.64035e+33  9.89  0.22548
1.39154 1.92249 2.24709 1.92073 2.23  11.1927 0.99 11.1403 258.953 2124.08  3.38188e+48  3.06117e+30  1.63065e+33  9.89  0.22548
1.38395 1.92415 2.24705 1.92073 2.23   11.243 0.98 11.1403 366.737 2104.53  4.82308e+48  6.18283e+30  1.62206e+33  9.89  0.22548
1.37597 1.92579 2.24704 1.92073 2.23  11.2948 0.97 11.1403 449.369 2087.35  5.95161e+48  9.3486e+30  1.61312e+33  9.89  0.22548
1.36808 1.92743 2.24705 1.92073 2.23  11.3474 0.96 11.1403 517.294 2071.61  6.9006e+48  1.24777e+31  1.60427e+33  9.89  0.22548
1.36015 1.92909 2.24703 1.92073 2.23  11.4013 0.95 11.1403 576.411 2056.56  7.74551e+48  1.5606e+31  1.59533e+33  9.89  0.22548
1.35207 1.93075 2.24703 1.92073 2.23  11.4567 0.94 11.1403 629.382 2041.83  8.51973e+48  1.87434e+31  1.58622e+33  9.89  0.22548
 1.3441 1.93243 2.24704 1.92073 2.23  11.5131 0.93 11.1403 677.038 2027.53  9.2336e+48  2.18521e+31  1.57721e+33  9.89  0.22548
1.33599 1.93411 2.24704 1.92073 2.23  11.5711 0.92 11.1403 721.062 2013.27  9.90874e+48  2.49747e+31  1.56802e+33  9.89  0.22548
1.32788  1.9358 2.24704 1.92073 2.23  11.6304 0.91 11.1403 761.583 1999.13  1.05459e+49  2.80742e+31  1.55881e+33  9.89  0.22548
1.31976  1.9375 2.24704 1.92073 2.23  11.6912  0.9 11.1403 799.318 1985.04  1.11545e+49  3.11659e+31  1.54957e+33  9.89  0.22548
1.31159 1.93921 2.24705 1.92073 2.23  11.7535 0.89 11.1403 834.684 1970.91  1.17399e+49  3.42526e+31  1.54025e+33  9.89  0.22548
1.30341 1.94092 2.24704 1.92073 2.23  11.8174 0.88 11.1403 867.758 1956.73  1.23023e+49  3.73158e+31  1.53088e+33  9.89  0.22548
 1.2952 1.94264 2.24705 1.92073 2.23   11.883 0.87 11.1403 899.016 1942.45  1.28483e+49  4.03758e+31  1.52148e+33  9.89  0.22548
1.28704 1.94438 2.24707 1.92073 2.23    11.95 0.86 11.1403 928.396 1928.12  1.33764e+49  4.34092e+31  1.51211e+33  9.89  0.22548
1.27875 1.94608 2.24703 1.92073 2.23  12.0193 0.85 11.1403 956.244 1913.55  1.38913e+49  4.64322e+31  1.50253e+33  9.89  0.22548
1.27055 1.94783 2.24706 1.92073 2.23    12.09 0.84 11.1403 982.531 1898.95  1.43924e+49  4.94298e+31  1.49309e+33  9.89  0.22548
1.26231 1.94956 2.24705 1.92073 2.23  12.1628 0.83 11.1403 1007.48 1884.13  1.48825e+49  5.2411e+31  1.48354e+33  9.89  0.22548
1.25406  1.9513 2.24705 1.92073 2.23  12.2377 0.82 11.1403 1031.12 1869.11  1.53615e+49  5.53669e+31  1.47398e+33  9.89  0.22548
1.24584 1.95302 2.24702 1.92073 2.23  12.3146 0.81 11.1403 1053.52 1853.91  1.58301e+49  5.82952e+31  1.46439e+33  9.89  0.22548
1.23766 1.95478 2.24706 1.92073 2.23  12.3936  0.8 11.1403 1074.84 1838.49  1.62909e+49  6.12066e+31  1.45489e+33  9.89  0.22548
1.22949 1.95653 2.24704 1.92073 2.23   12.475 0.79 11.1403 1095.03 1822.79  1.67416e+49  6.4081e+31  1.44533e+33  9.89  0.22548
1.22137 1.95829 2.24706 1.92073 2.23  12.5587 0.78 11.1403 1114.23 1806.84  1.71853e+49  6.69331e+31  1.43583e+33  9.89  0.22548
1.21329 1.96003 2.24705 1.92073 2.23  12.6448 0.77 11.1403 1132.36 1790.66  1.76198e+49  6.97419e+31  1.42634e+33  9.89  0.22548
 1.2052 1.96176 2.24704 1.92073 2.23  12.7338 0.76 11.1403 1149.56 1774.11  1.80469e+49  7.25175e+31  1.41681e+33  9.89  0.22548
1.19724  1.9635 2.24705 1.92073 2.23  12.8252 0.75 11.1403 1165.82 1757.34  1.84662e+49  7.52515e+31  1.40743e+33  9.89  0.22548
 1.1893 1.96522 2.24704 1.92073 2.23  12.9199 0.74 11.1403  1181.2 1740.16  1.88778e+49  7.79437e+31  1.39803e+33  9.89  0.22548
1.18148 1.96694 2.24706 1.92073 2.23  13.0173 0.73 11.1403 1195.67 1722.73  1.92815e+49  8.0586e+31  1.38877e+33  9.89  0.22548
1.17369 1.96863 2.24705 1.92073 2.23  13.1182 0.72 11.1403 1209.28 1704.88  1.96772e+49  8.31763e+31  1.37951e+33  9.89  0.22548
1.16606  1.9703 2.24704 1.92073 2.23  13.2223 0.71 11.1403 1222.06 1686.71  2.00642e+49  8.57084e+31  1.37041e+33  9.89  0.22548
1.15853 1.97194 2.24702 1.92073 2.23  13.3302  0.7 11.1403 1234.06 1668.07  2.04423e+49  8.81807e+31  1.36141e+33  9.89  0.22548
1.15116 1.97359 2.24704 1.92073 2.23  13.4418 0.69 11.1403 1245.23 1649.05  2.08113e+49  9.05856e+31  1.3526e+33  9.89  0.22548
1.14398  1.9752 2.24705 1.92073 2.23  13.5574 0.68 11.1403 1255.66 1629.6  2.11705e+49  9.29208e+31  1.344e+33  9.89  0.22548
1.13698 1.97675 2.24704 1.92073 2.23  13.6775 0.67 11.1403  1265.3 1609.63  2.15175e+49  9.51688e+31  1.33556e+33  9.89  0.22548
1.13022 1.97829 2.24707 1.92073 2.23  13.8021 0.66 11.1403 1274.19 1589.21  2.18531e+49  9.73323e+31  1.32743e+33  9.89  0.22548
1.12372 1.97976 2.24708 1.92073 2.23  13.9317 0.65 11.1403 1282.34 1568.23  2.21746e+49  9.93959e+31  1.31958e+33  9.89  0.22548
1.11749 1.98114 2.24705 1.92073 2.23  14.0666 0.64 11.1403 1289.72 1546.7  2.24798e+49  1.01343e+32  1.31201e+33  9.89  0.22548
1.11163 1.98246 2.24704 1.92073 2.23  14.2074 0.63 11.1403 1296.39 1524.55  2.27678e+49  1.03173e+32  1.30488e+33  9.89  0.22548
1.10618 1.98371 2.24705 1.92073 2.23  14.3542 0.62 11.1403 1302.32 1501.81  2.3036e+49  1.04866e+32  1.29825e+33  9.89  0.22548
 1.1012 1.98487 2.24707 1.92073 2.23   14.508 0.61 11.1403 1307.54 1478.36  2.32817e+49  1.06409e+32  1.2922e+33  9.89  0.22548
1.09675 1.98589 2.24708 1.92073 2.23   14.669  0.6 11.1403    1312 1454.22  2.35007e+49  1.07776e+32  1.28675e+33  9.89  0.22548
1.09288 1.98674 2.24703 1.92073 2.23  14.8381 0.59 11.1403 1315.69 1429.3  2.3689e+49  1.08946e+32  1.28198e+33  9.89  0.22548
1.08972 1.98748 2.24704 1.92073 2.23  15.0163 0.58 11.1403 1318.63 1403.58  2.38436e+49  1.09902e+32  1.27811e+33  9.89  0.22548
1.08738 1.98804 2.24707 1.92073 2.23  15.2039 0.57 11.1403 1320.79 1377.06  2.39599e+49  1.10618e+32  1.27526e+33  9.89  0.22548
1.08591 1.98835 2.24703 1.92073 2.23  15.4026 0.56 11.1403  1322.1 1349.62  2.40311e+49  1.11057e+32  1.27343e+33  9.89  0.22548
    1.5 1.99256 2.35101 1.99256 2.23  11.0512    1 11.0512       0 2227.9  0  0  1.85854e+33  9.89  0.22548
 1.4891 1.99447 2.35101 1.99256 2.23   11.105 0.99 11.0512 270.697 2186.75  3.70438e+48  3.50516e+30  1.84554e+33  9.89  0.22548
 1.4798 1.99631 2.35102 1.99256 2.23  11.1557 0.98 11.0512 381.476 2165.87  5.25807e+48  7.01136e+30  1.83467e+33  9.89  0.22548
1.47024 1.99816   2.351 1.99256 2.23   11.208 0.97 11.0512 466.672 2147.59  6.47901e+48  1.05689e+31  1.82347e+33  9.89  0.22548
1.46062       2   2.351 1.99256 2.23  11.2613 0.96 11.0512  537.37 2130.77  7.51517e+48  1.41163e+31  1.8122e+33  9.89  0.22548
 1.4511 2.00186   2.351 1.99256 2.23  11.3156 0.95 11.0512 598.308 2114.86  8.4295e+48  1.76293e+31  1.80099e+33  9.89  0.22548
1.44145 2.00374   2.351 1.99256 2.23  11.3715 0.94 11.0512 653.188 2099.33  9.27199e+48  2.11699e+31  1.78961e+33  9.89  0.22548
1.43185 2.00563   2.351 1.99256 2.23  11.4284 0.93 11.0512  702.52 2084.18  1.00478e+49  2.4674e+31  1.77826e+33  9.89  0.22548
1.42225 2.00754 2.35102 1.99256 2.23  11.4868 0.92 11.0512 747.872 2069.24  1.07792e+49  2.81789e+31  1.76689e+33  9.89  0.22548
1.41254 2.00941 2.35099 1.99256 2.23  11.5466 0.91 11.0512 789.774 2054.37  1.14718e+49  3.16696e+31  1.75533e+33  9.89  0.22548
1.40293 2.01133   2.351 1.99256 2.23  11.6077  0.9 11.0512 828.536 2039.63  1.21298e+49  3.51295e+31  1.74386e+33  9.89  0.22548
1.39324 2.01324 2.35099 1.99256 2.23  11.6704 0.89 11.0512 864.983 2024.83  1.27645e+49  3.85941e+31  1.73229e+33  9.89  0.22548
1.38363 2.01517 2.35101 1.99256 2.23  11.7345 0.88 11.0512 898.984 2010.09  1.33736e+49  4.20251e+31  1.72079e+33  9.89  0.22548
1.37393  2.0171 2.35101 1.99256 2.23  11.8006 0.87 11.0512 931.089 1995.17  1.39646e+49  4.54493e+31  1.70914e+33  9.89  0.22548
 1.3643 2.01902   2.351 1.99256 2.23   11.868 0.86 11.0512 961.239 1980.23  1.45358e+49  4.88403e+31  1.69752e+33  9.89  0.22548
1.35469 2.02098 2.35102 1.99256 2.23  11.9373 0.85 11.0512  989.78 1965.17  1.50929e+49  5.22181e+31  1.68594e+33  9.89  0.22548
1.34507 2.02293 2.35103 1.99256 2.23  12.0084 0.84 11.0512 1016.75 1949.96  1.56354e+49  5.55689e+31  1.67431e+33  9.89  0.22548
1.33545 2.02485   2.351 1.99256 2.23  12.0814 0.83 11.0512 1042.21 1934.57  1.61635e+49  5.88843e+31  1.6626e+33  9.89  0.22548
1.32585  2.0268 2.35101 1.99256 2.23  12.1564 0.82 11.0512  1066.4 1919.01  1.66818e+49  6.2183e+31  1.65094e+33  9.89  0.22548
1.31631 2.02874 2.35101 1.99256 2.23  12.2334 0.81 11.0512  1089.2 1903.29  1.7187e+49  6.54362e+31  1.6393e+33  9.89  0.22548
1.30678 2.03068 2.35101 1.99256 2.23  12.3127  0.8 11.0512  1110.9 1887.33  1.76841e+49  6.86701e+31  1.62765e+33  9.89  0.22548
1.29737 2.03263 2.35102 1.99256 2.23  12.3939 0.79 11.0512 1131.39 1871.22  1.81701e+49  7.18581e+31  1.61611e+33  9.89  0.22548
1.28792 2.03456 2.35101 1.99256 2.23  12.4779 0.78 11.0512 1150.85 1854.75  1.86479e+49  7.50165e+31  1.60449e+33  9.89  0.22548
1.27864 2.03652 2.35102 1.99256 2.23  12.5639 0.77 11.0512 1169.25 1838.1  1.91164e+49  7.81303e+31  1.59305e+33  9.89  0.22548
1.26934 2.03844 2.35101 1.99256 2.23  12.6528 0.76 11.0512 1186.67 1821.09  1.95767e+49  8.12044e+31  1.58155e+33  9.89  0.22548
1.26019 2.04036 2.35099 1.99256 2.23   12.744 0.75 11.0512  1203.1 1803.85  2.00279e+49  8.42256e+31  1.57019e+33  9.89  0.22548
1.25109 2.04228   2.351 1.99256 2.23  12.8384 0.74 11.0512 1218.62 1786.24  2.04716e+49  8.72028e+31  1.5589e+33  9.89  0.22548
1.24216 2.04419   2.351 1.99256 2.23  12.9355 0.73 11.0512 1233.22 1768.37  2.09062e+49  9.01209e+31  1.54777e+33  9.89  0.22548
1.23329 2.04608   2.351 1.99256 2.23  13.0359 0.72 11.0512 1246.97 1750.07  2.13325e+49  9.29838e+31  1.5367e+33  9.89  0.22548
1.22461 2.04794 2.35101 1.99256 2.23  13.1394 0.71 11.0512 1259.83 1731.48  2.17495e+49  9.57786e+31  1.52583e+33  9.89  0.22548
1.21603 2.04978   2.351 1.99256 2.23  13.2467  0.7 11.0512 1271.85 1712.44  2.21572e+49  9.85054e+31  1.51505e+33  9.89  0.22548
1.20766 2.05158 2.35098 1.99256 2.23  13.3575 0.69 11.0512 1283.04 1693.02  2.25541e+49  1.01152e+32  1.5045e+33  9.89  0.22548
1.19951 2.05338 2.35102 1.99256 2.23  13.4723 0.68 11.0512 1293.49 1673.14  2.29414e+49  1.03727e+32  1.49424e+33  9.89  0.22548
1.19158  2.0551   2.351 1.99256 2.23  13.5911 0.67 11.0512  1303.1 1652.83  2.33155e+49  1.06202e+32  1.48419e+33  9.89  0.22548
 1.1839 2.05677 2.35098 1.99256 2.23  13.7146 0.66 11.0512 1311.98 1631.99  2.36765e+49  1.08581e+32  1.47443e+33  9.89  0.22548
1.17655 2.05842   2.351 1.99256 2.23  13.8427 0.65 11.0512 1320.08 1610.67  2.40236e+49  1.10853e+32  1.4651e+33  9.89  0.22548
1.16954 2.05999 2.35102 1.99256 2.23   13.976 0.64 11.0512 1327.45 1588.77  2.4354e+49  1.13005e+32  1.45616e+33  9.89  0.22548
1.16292 2.06148 2.35104 1.99256 2.23  14.1148 0.63 11.0512 1334.07 1566.3  2.46661e+49  1.15023e+32  1.44772e+33  9.89  0.22548
1.15674 2.06284   2.351 1.99256 2.23  14.2595 0.62 11.0512 1339.93 1543.19  2.49554e+49  1.16884e+32  1.43976e+33  9.89  0.22548
1.15105 2.06409 2.35098 1.99256 2.23  14.4109 0.61 11.0512 1345.06 1519.38  2.52208e+49  1.18579e+32  1.43244e+33  9.89  0.22548
1.14602 2.06525   2.351 1.99256 2.23  14.5689  0.6 11.0512 1349.48 1494.93  2.54589e+49  1.20092e+32  1.42597e+33  9.89  0.22548
1.14165 2.06624   2.351 1.99256 2.23  14.7348 0.59 11.0512 1353.16 1469.69  2.56649e+49  1.21394e+32  1.42032e+33  9.89  0.22548
1.13807 2.06706 2.35099 1.99256 2.23   14.909 0.58 11.0512 1356.08 1443.69  2.58342e+49  1.22458e+32  1.41569e+33  9.89  0.22548
1.13535 2.06768   2.351 1.99256 2.23  15.0925 0.57 11.0512 1358.21 1416.85  2.5962e+49  1.23257e+32  1.41219e+33  9.89  0.22548
1.13365 2.06806 2.35099 1.99256 2.23  15.2862 0.56 11.0512 1359.54 1389.14  2.60427e+49  1.23762e+32  1.40997e+33  9.89  0.22548
1.13302  2.0682 2.35098 1.99256 2.23  15.4911 0.55 11.0512 1359.99 1360.57  2.60715e+49  1.23939e+32  1.40915e+33  9.89  0.22548
    1.6 2.05016 2.43634 2.05016 2.23  10.9573    1 10.9573       0 2289.02  0  0  2.06754e+33  9.89  0.22548
1.58644 2.05229 2.43632 2.05016 2.23  11.0128 0.99 10.9573 281.182   2244  3.98071e+48  3.91252e+30  2.05094e+33  9.89  0.22548
1.57485 2.05428 2.43634 2.05016 2.23  11.0645 0.98 10.9573 395.886 2221.44  5.64608e+48  7.81314e+30  2.03707e+33  9.89  0.22548
1.56346 2.05634 2.43634 2.05016 2.23  11.1174 0.97 10.9573 483.181 2202.08  6.94271e+48  1.17259e+31  2.02335e+33  9.89  0.22548
1.55166 2.05835 2.43633 2.05016 2.23  11.1719 0.96 10.9573 556.362 2184.03  8.0541e+48  1.56633e+31  2.00913e+33  9.89  0.22548
1.54027 2.06042 2.43635 2.05016 2.23   11.227 0.95 10.9573 619.042 2167.2  9.02971e+48  1.9539e+31  1.99536e+33  9.89  0.22548
1.52864 2.06248 2.43635 2.05016 2.23  11.2839 0.94 10.9573 675.413 2150.73  9.92784e+48  2.34386e+31  1.98124e+33  9.89  0.22548
1.51712 2.06453 2.43633 2.05016 2.23  11.3417 0.93 10.9573 726.153 2134.76  1.07566e+49  2.73029e+31  1.9672e+33  9.89  0.22548
1.50571 2.06662 2.43634 2.05016 2.23  11.4008 0.92 10.9573  772.56 2119.08  1.15343e+49  3.1148e+31  1.95326e+33  9.89  0.22548
1.49414  2.0687 2.43633 2.05016 2.23  11.4617 0.91 10.9573 815.651 2103.39  1.22745e+49  3.49959e+31  1.93907e+33  9.89  0.22548
1.48285 2.07082 2.43636 2.05016 2.23  11.5233  0.9 10.9573 855.382 2087.97  1.29759e+49  3.87978e+31  1.92521e+33  9.89  0.22548
1.47142 2.07291 2.43633 2.05016 2.23  11.5869 0.89 10.9573 892.653 2072.47  1.36516e+49  4.25965e+31  1.91109e+33  9.89  0.22548
1.46006 2.07502 2.43634 2.05016 2.23  11.6519 0.88 10.9573  927.43 2057.01  1.43001e+49  4.63584e+31  1.89704e+33  9.89  0.22548
1.44873 2.07711 2.43631 2.05016 2.23  11.7185 0.87 10.9573  960.17 2041.48  1.49282e+49  5.0103e+31  1.88296e+33  9.89  0.22548
1.43748 2.07924 2.43633 2.05016 2.23  11.7866 0.86 10.9573 990.984 2025.92  1.5537e+49  5.38198e+31  1.86899e+33  9.89  0.22548
1.42627 2.08137 2.43633 2.05016 2.23  11.8566 0.85 10.9573 1019.99 2010.23  1.61279e+49  5.7502e+31  1.85499e+33  9.89  0.22548
1.41509  2.0835 2.43635 2.05016 2.23  11.9283 0.84 10.9573 1047.49 1994.4  1.67053e+49  6.11665e+31  1.84102e+33  9.89  0.22548
  1.404 2.08561 2.43632 2.05016 2.23  12.0017 0.83 10.9573 1073.34 1978.49  1.72658e+49  6.47784e+31  1.82708e+33  9.89  0.22548
1.39289 2.08774 2.43632 2.05016 2.23  12.0774 0.82 10.9573 1097.92 1962.31  1.78164e+49  6.83752e+31  1.8131e+33  9.89  0.22548
1.38198 2.08988 2.43634 2.05016 2.23  12.1547 0.81 10.9573 1121.06 1946.08  1.83529e+49  7.19191e+31  1.79935e+33  9.89  0.22548
1.37104   2.092 2.43633 2.05016 2.23  12.2344  0.8 10.9573 1143.05 1929.57  1.88803e+49  7.54369e+31  1.78549e+33  9.89  0.22548
 1.3602 2.09411 2.43632 2.05016 2.23  12.3161 0.79 10.9573 1163.73 1912.88  1.9395e+49  7.88956e+31  1.77171e+33  9.89  0.22548
1.34944 2.09622 2.43633 2.05016 2.23  12.4003 0.78 10.9573 1183.37 1895.96  1.99019e+49  8.23236e+31  1.75803e+33  9.89  0.22548
1.33878 2.09833 2.43633 2.05016 2.23  12.4868 0.77 10.9573 1201.88 1878.78  2.03979e+49  8.56953e+31  1.74442e+33  9.89  0.22548
1.32826 2.10043 2.43633 2.05016 2.23  12.5758 0.76 10.9573 1219.41 1861.35  2.08859e+49  8.90253e+31  1.73095e+33  9.89  0.22548
1.31785 2.10253 2.43633 2.05016 2.23  12.6673 0.75 10.9573 1235.94 1843.61  2.1364e+49  9.22971e+31  1.71758e+33  9.89  0.22548
1.30759 2.10462 2.43633 2.05016 2.23  12.7616 0.74 10.9573 1251.53 1825.58  2.18339e+49  9.5517e+31  1.70437e+33  9.89  0.22548
1.29746 2.10669 2.43633 2.05016 2.23  12.8588 0.73 10.9573 1266.15 1807.22  2.22939e+49  9.86689e+31  1.69128e+33  9.89  0.22548
1.28749 2.10874 2.43633 2.05016 2.23  12.9591 0.72 10.9573 1279.91 1788.53  2.27454e+49  1.01761e+32  1.67837e+33  9.89  0.22548
1.27772 2.11078 2.43634 2.05016 2.23  13.0625 0.71 10.9573 1292.77 1769.48  2.31867e+49  1.04778e+32  1.66568e+33  9.89  0.22548
1.26809 2.11277 2.43633 2.05016 2.23  13.1695  0.7 10.9573 1304.78 1750.02  2.3618e+49  1.07718e+32  1.65313e+33  9.89  0.22548
1.25871 2.11473 2.43633 2.05016 2.23  13.2798 0.69 10.9573 1315.93 1730.22  2.40386e+49  1.10573e+32  1.64088e+33  9.89  0.22548
1.24954 2.11665 2.43631 2.05016 2.23  13.3943 0.68 10.9573 1326.28 1709.93  2.44477e+49  1.1334e+32  1.62885e+33  9.89  0.22548
1.24071 2.11856 2.43634 2.05016 2.23  13.5125 0.67 10.9573 1335.85 1689.24  2.48442e+49  1.16009e+32  1.61726e+33  9.89  0.22548
1.23212 2.12037 2.43632 2.05016 2.23  13.6353 0.66 10.9573 1344.63 1668.02  2.52269e+49  1.1857e+32  1.60593e+33  9.89  0.22548
1.22393 2.12215 2.43634 2.05016 2.23  13.7623 0.65 10.9573 1352.65 1646.34  2.55939e+49  1.21013e+32  1.59513e+33  9.89  0.22548
 1.2161 2.12384 2.43633 2.05016 2.23  13.8946 0.64 10.9573 1359.91 1624.08  2.59439e+49  1.23326e+32  1.58474e+33  9.89  0.22548
1.20875 2.12546 2.43635 2.05016 2.23  14.0319 0.63 10.9573 1366.43 1601.28  2.62743e+49  1.25496e+32  1.57499e+33  9.89  0.22548
1.20187 2.12694 2.43632 2.05016 2.23  14.1751 0.62 10.9573  1372.2 1577.84  2.65817e+49  1.275e+32  1.56579e+33  9.89  0.22548
1.19558 2.12832 2.43631 2.05016 2.23  14.3244 0.61 10.9573 1377.26 1553.75  2.68639e+49  1.29328e+32  1.55739e+33  9.89  0.22548
1.18998 2.12957 2.43633 2.05016 2.23  14.4802  0.6 10.9573 1381.59   1529  2.71171e+49  1.30958e+32  1.5499e+33  9.89  0.22548
1.18509 2.13067 2.43635 2.05016 2.23  14.6437 0.59 10.9573 1385.18 1503.47  2.73368e+49  1.32362e+32  1.54337e+33  9.89  0.22548
1.18108 2.13154 2.43632 2.05016 2.23  14.8148 0.58 10.9573 1388.02 1477.21  2.75171e+49  1.33508e+32  1.53795e+33  9.89  0.22548
1.17808 2.13223 2.43634 2.05016 2.23  14.9949 0.57 10.9573 1390.14 1450.11  2.76544e+49  1.34379e+32  1.53392e+33  9.89  0.22548
1.17616 2.13267 2.43634 2.05016 2.23  15.1846 0.56 10.9573 1391.45 1422.16  2.77417e+49  1.3493e+32  1.53134e+33  9.89  0.22548
1.17544 2.13281 2.43632 2.05016 2.23  15.3849 0.55 10.9573 1391.93 1393.37  2.77735e+49  1.35131e+32  1.53035e+33  9.89  0.22548
    1.7 2.09583 2.50542 2.09583 2.23   10.861    1 10.861       0 2345.29  0  0  2.26567e+33  9.89  0.22548
1.68345 2.09822 2.50541 2.09583 2.23  10.9184 0.99 10.861 290.164 2296.62  4.20756e+48  4.26758e+30  2.24518e+33  9.89  0.22548
1.66887 2.10034 2.50543 2.09583 2.23  10.9718 0.98 10.861  409.31 2272.09  5.98039e+48  8.55637e+30  2.2275e+33  9.89  0.22548
1.65495 2.10255 2.50541 2.09583 2.23  11.0262 0.97 10.861 498.664 2251.4  7.34205e+48  1.27978e+31  2.21046e+33  9.89  0.22548
1.64075 2.10475 2.50541 2.09583 2.23   11.082 0.96 10.861 573.886 2232.17  8.51513e+48  1.70815e+31  2.19305e+33  9.89  0.22548
1.62687 2.10697 2.50542 2.09583 2.23  11.1386 0.95 10.861 638.282 2214.19  9.5445e+48  2.12948e+31  2.17598e+33  9.89  0.22548
1.61306  2.1092 2.50542 2.09583 2.23  11.1966 0.94 10.861 695.871 2196.8  1.04882e+49  2.55116e+31  2.15891e+33  9.89  0.22548
1.59925 2.11143 2.50542 2.09583 2.23  11.2558 0.93 10.861 747.971 2179.85  1.13636e+49  2.97104e+31  2.14181e+33  9.89  0.22548
1.58562 2.11366  2.5054 2.09583 2.23  11.3162 0.92 10.861 795.274 2163.25  1.21796e+49  3.38579e+31  2.1248e+33  9.89  0.22548
1.57205 2.11595 2.50545 2.09583 2.23  11.3782 0.91 10.861 839.283 2146.81  1.29591e+49  3.80182e+31  2.10793e+33  9.89  0.22548
1.55861 2.11819 2.50543 2.09583 2.23  11.4412  0.9 10.861 879.737 2130.55  1.36955e+49  4.21152e+31  2.09105e+33  9.89  0.22548
1.54525 2.12047 2.50544 2.09583 2.23  11.5058 0.89 10.861 917.649 2114.34  1.4405e+49  4.62059e+31  2.07425e+33  9.89  0.22548
1.53197 2.12271  2.5054 2.09583 2.23  11.5718 0.88 10.861 953.069 2098.14  1.50865e+49  5.02597e+31  2.05745e+33  9.89  0.22548
1.51888   2.125 2.50542 2.09583 2.23  11.6394 0.87 10.861  986.31 2081.97  1.57457e+49  5.42855e+31  2.04087e+33  9.89  0.22548
1.50575 2.12728 2.50542 2.09583 2.23  11.7087 0.86 10.861 1017.59 2065.67  1.63847e+49  5.82802e+31  2.02419e+33  9.89  0.22548
1.49286 2.12957 2.50543 2.09583 2.23  11.7794 0.85 10.861 1046.97 2049.4  1.70039e+49  6.22288e+31  2.00776e+33  9.89  0.22548
1.47993 2.13186 2.50543 2.09583 2.23  11.8522 0.84 10.861 1074.81 2032.9  1.76093e+49  6.6158e+31  1.99121e+33  9.89  0.22548
1.46726 2.13414 2.50543 2.09583 2.23  11.9264 0.83 10.861 1100.94 2016.41  1.81967e+49  7.00272e+31  1.97495e+33  9.89  0.22548
1.45458 2.13642 2.50542 2.09583 2.23  12.0028 0.82 10.861 1125.77 1999.67  1.87735e+49  7.3876e+31  1.95861e+33  9.89  0.22548
1.44207  2.1387 2.50542 2.09583 2.23   12.081 0.81 10.861 1149.11 1982.83  1.93349e+49  7.76623e+31  1.94244e+33  9.89  0.22548
1.42967 2.14098 2.50541 2.09583 2.23  12.1613  0.8 10.861 1171.25 1965.77  1.98867e+49  8.14179e+31  1.92636e+33  9.89  0.22548
1.41745 2.14326 2.50543 2.09583 2.23  12.2436 0.79 10.861 1192.12 1948.58  2.04265e+49  8.51183e+31  1.91048e+33  9.89  0.22548
1.40528 2.14554 2.50545 2.09583 2.23  12.3284 0.78 10.861 1211.83 1931.11  2.09561e+49  8.87687e+31  1.89462e+33  9.89  0.22548
1.39326 2.14776 2.50541 2.09583 2.23  12.4154 0.77 10.861  1230.4 1913.44  2.14747e+49  9.23598e+31  1.87885e+33  9.89  0.22548
1.38142 2.15003 2.50543 2.09583 2.23  12.5049 0.76 10.861 1247.93 1895.52  2.19845e+49  9.58989e+31  1.86333e+33  9.89  0.22548
1.36975 2.15226 2.50542 2.09583 2.23  12.5969 0.75 10.861 1264.45 1877.34  2.24845e+49  9.93791e+31  1.84794e+33  9.89  0.22548
1.35826 2.15449 2.50543 2.09583 2.23  12.6916 0.74 10.861 1280.01 1858.84  2.29749e+49  1.02796e+32  1.83277e+33  9.89  0.22548
1.34697 2.15669 2.50541 2.09583 2.23   12.789 0.73 10.861 1294.63 1840.05  2.34559e+49  1.06146e+32  1.81778e+33  9.89  0.22548
1.33586 2.15889 2.50543 2.09583 2.23  12.8895 0.72 10.861 1308.31 1820.92  2.39271e+49  1.09423e+32  1.80303e+33  9.89  0.22548
1.32495 2.16103 2.50539 2.09583 2.23  12.9931 0.71 10.861 1321.08 1801.42  2.43873e+49  1.12617e+32  1.78844e+33  9.89  0.22548
1.31432 2.16317  2.5054 2.09583 2.23     13.1  0.7 10.861 1333.03 1781.58  2.4838e+49  1.15735e+32  1.77423e+33  9.89  0.22548
1.30396 2.16527 2.50541 2.09583 2.23  13.2102 0.69 10.861 1344.12 1761.38  2.52775e+49  1.18762e+32  1.76033e+33  9.89  0.22548
1.29384 2.16734 2.50542 2.09583 2.23  13.3244 0.68 10.861 1354.36 1740.74  2.57053e+49  1.21693e+32  1.74673e+33  9.89  0.22548
1.28404 2.16932 2.50539 2.09583 2.23  13.4424 0.67 10.861 1363.78 1719.65  2.6118e+49  1.24507e+32  1.73346e+33  9.89  0.22548
1.27463 2.17129 2.50542 2.09583 2.23  13.5647 0.66 10.861 1372.46 1698.1  2.65186e+49  1.27221e+32  1.72074e+33  9.89  0.22548
1.26561 2.17316  2.5054 2.09583 2.23  13.6912 0.65 10.861 1380.33 1676.08  2.69014e+49  1.29798e+32  1.70846e+33  9.89  0.22548
1.25704 2.17499 2.50543 2.09583 2.23  13.8226 0.64 10.861  1387.5 1653.49  2.72674e+49  1.32247e+32  1.6968e+33  9.89  0.22548
1.24895  2.1767 2.50543 2.09583 2.23   13.959 0.63 10.861 1393.88 1630.39  2.76125e+49  1.34536e+32  1.68576e+33  9.89  0.22548
 1.2414 2.17827 2.50538 2.09583 2.23  14.1011 0.62 10.861 1399.53 1606.62  2.79331e+49  1.3665e+32  1.67537e+33  9.89  0.22548
1.23452 2.17976  2.5054 2.09583 2.23   14.249 0.61 10.861 1404.46 1582.24  2.82283e+49  1.3858e+32  1.66593e+33  9.89  0.22548
1.22838  2.1811 2.50542 2.09583 2.23  14.4033  0.6 10.861 1408.68 1557.22  2.84935e+49  1.40302e+32  1.65748e+33  9.89  0.22548
1.22305 2.18224  2.5054 2.09583 2.23  14.5646 0.59 10.861 1412.18 1531.44  2.87228e+49  1.41784e+32  1.65012e+33  9.89  0.22548
 1.2187 2.18322 2.50543 2.09583 2.23  14.7333 0.58 10.861 1414.98 1504.97  2.89127e+49  1.43003e+32  1.64412e+33  9.89  0.22548
1.21536 2.18392  2.5054 2.09583 2.23  14.9109 0.57 10.861    1417 1477.6  2.90555e+49  1.43915e+32  1.63946e+33  9.89  0.22548
1.21324 2.18438  2.5054 2.09583 2.23  15.0973 0.56 10.861 1418.27 1449.48  2.91476e+49  1.44501e+32  1.63653e+33  9.89  0.22548
1.21247 2.18458 2.50542 2.09583 2.23  15.2939 0.55 10.861 1418.75 1420.49  2.91822e+49  1.44721e+32  1.63547e+33  9.89  0.22548
    1.8 2.13169 2.56073 2.13169 2.23  10.7642    1 10.7642       0 2397.33  0  0  2.45231e+33  9.89  0.22548
 1.7799 2.13435 2.56075 2.13169 2.23  10.8238 0.99 10.7642 298.243 2345.11  4.39517e+48  4.58198e+30  2.42741e+33  9.89  0.22548
1.76164  2.1366 2.56073 2.13169 2.23  10.8797 0.98 10.7642 421.602 2318.44  6.26208e+48  9.22847e+30  2.40512e+33  9.89  0.22548
 1.7446 2.13896 2.56072 2.13169 2.23   10.936 0.97 10.7642 512.995 2296.27  7.68045e+48  1.37724e+31  2.38417e+33  9.89  0.22548
1.72735 2.14132 2.56072 2.13169 2.23  10.9939 0.96 10.7642 589.984 2275.67  8.90407e+48  1.83627e+31  2.36288e+33  9.89  0.22548
1.71056 2.14367 2.56072 2.13169 2.23  11.0523 0.95 10.7642 655.953 2256.46  9.97971e+48  2.28823e+31  2.34208e+33  9.89  0.22548
1.69412 2.14607 2.56074 2.13169 2.23  11.1119 0.94 10.7642 714.622 2238.03  1.09615e+49  2.73813e+31  2.32161e+33  9.89  0.22548
1.67749 2.14844 2.56072 2.13169 2.23  11.1732 0.93 10.7642 767.788 2219.92  1.18741e+49  3.18678e+31  2.3008e+33  9.89  0.22548
1.66148 2.15082 2.56071 2.13169 2.23   11.235 0.92 10.7642 815.892 2202.45  1.2723e+49  3.62853e+31  2.28066e+33  9.89  0.22548
 1.6454 2.15323 2.56072 2.13169 2.23  11.2986 0.91 10.7642 860.572 2185.04  1.35328e+49  4.07082e+31  2.26039e+33  9.89  0.22548
1.62967 2.15561 2.56071 2.13169 2.23  11.3631  0.9 10.7642 901.691 2167.94  1.42994e+49  4.50697e+31  2.24043e+33  9.89  0.22548
1.61417 2.15804 2.56074 2.13169 2.23  11.4291 0.89 10.7642 940.056 2150.96  1.50357e+49  4.94068e+31  2.22073e+33  9.89  0.22548
1.59874 2.16043 2.56072 2.13169 2.23  11.4966 0.88 10.7642 975.932   2134  1.57443e+49  5.37095e+31  2.20101e+33  9.89  0.22548
1.58357 2.16286 2.56075 2.13169 2.23  11.5655 0.87 10.7642 1009.47 2117.08  1.64275e+49  5.79663e+31  2.18157e+33  9.89  0.22548
1.56854 2.16528 2.56074 2.13169 2.23   11.636 0.86 10.7642 1041.13 2100.09  1.70916e+49  6.22008e+31  2.16221e+33  9.89  0.22548
1.55375  2.1677 2.56074 2.13169 2.23  11.7079 0.85 10.7642 1070.73 2083.13  1.77331e+49  6.63701e+31  2.14307e+33  9.89  0.22548
1.53904 2.17011 2.56073 2.13169 2.23  11.7818 0.84 10.7642 1098.79 2066.01  1.8361e+49  7.05208e+31  2.12398e+33  9.89  0.22548
1.52463 2.17252 2.56071 2.13169 2.23  11.8571 0.83 10.7642 1125.09 2048.9  1.89698e+49  7.46034e+31  2.10518e+33  9.89  0.22548
1.51029 2.17494 2.56072 2.13169 2.23  11.9346 0.82 10.7642 1150.03 2031.55  1.95671e+49  7.86581e+31  2.08643e+33  9.89  0.22548
1.49623 2.17736 2.56073 2.13169 2.23  12.0136 0.81 10.7642  1173.5 2014.17  2.01494e+49  8.26519e+31  2.06799e+33  9.89  0.22548
1.48231 2.17976 2.56071 2.13169 2.23  12.0948  0.8 10.7642 1195.69 1996.58  2.07202e+49  8.66004e+31  2.04964e+33  9.89  0.22548
1.46853 2.18215  2.5607 2.13169 2.23  12.1781 0.79 10.7642 1216.59 1978.78  2.12787e+49  9.04892e+31  2.03142e+33  9.89  0.22548
1.45507 2.18458 2.56075 2.13169 2.23  12.2634 0.78 10.7642 1236.34 1960.86  2.18272e+49  9.4329e+31  2.01359e+33  9.89  0.22548
1.44163 2.18694 2.56072 2.13169 2.23  12.3513 0.77 10.7642 1254.92 1942.64  2.23642e+49  9.81016e+31  1.99568e+33  9.89  0.22548
1.42854 2.18932 2.56074 2.13169 2.23  12.4412 0.76 10.7642  1272.4 1924.29  2.28911e+49  1.01813e+32  1.9782e+33  9.89  0.22548
1.41556 2.19168 2.56074 2.13169 2.23   12.534 0.75 10.7642 1288.87 1905.6  2.34085e+49  1.0546e+32  1.9608e+33  9.89  0.22548
 1.4029 2.19403 2.56075 2.13169 2.23  12.6291 0.74 10.7642 1304.32 1886.73  2.39155e+49  1.09037e+32  1.94378e+33  9.89  0.22548
 1.3904 2.19634 2.56073 2.13169 2.23  12.7272 0.73 10.7642 1318.86 1867.46  2.44125e+49  1.12543e+32  1.92689e+33  9.89  0.22548
 1.3782 2.19864 2.56073 2.13169 2.23   12.828 0.72 10.7642 1332.42 1847.93  2.48989e+49  1.15966e+32  1.91035e+33  9.89  0.22548
1.36628 2.20094 2.56076 2.13169 2.23  12.9319 0.71 10.7642 1345.13 1828.05  2.53761e+49  1.19316e+32  1.89418e+33  9.89  0.22548
1.35465 2.20317 2.56074 2.13169 2.23  13.0388  0.7 10.7642 1356.94 1807.86  2.58414e+49  1.22571e+32  1.8783e+33  9.89  0.22548
1.34327 2.20536 2.56071 2.13169 2.23  13.1495 0.69 10.7642 1367.89 1787.21  2.62944e+49  1.25725e+32  1.86271e+33  9.89  0.22548
1.33227 2.20754 2.56074 2.13169 2.23  13.2635 0.68 10.7642 1378.01 1766.23  2.67363e+49  1.28784e+32  1.84763e+33  9.89  0.22548
1.32162 2.20963 2.56072 2.13169 2.23  13.3814 0.67 10.7642  1387.3 1744.83  2.71637e+49  1.31725e+32  1.83294e+33  9.89  0.22548
 1.3114  2.2117 2.56074 2.13169 2.23  13.5034 0.66 10.7642 1395.85 1722.95  2.75772e+49  1.34554e+32  1.81883e+33  9.89  0.22548
1.30158 2.21367 2.56073 2.13169 2.23  13.6297 0.65 10.7642 1403.56 1700.59  2.79725e+49  1.37237e+32  1.80522e+33  9.89  0.22548
1.29227 2.21556 2.56073 2.13169 2.23  13.7607 0.64 10.7642 1410.57 1677.69  2.83501e+49  1.39784e+32  1.79227e+33  9.89  0.22548
1.28354 2.21737 2.56074 2.13169 2.23  13.8964 0.63 10.7642 1416.82 1654.31  2.87066e+49  1.42168e+32  1.7801e+33  9.89  0.22548
 1.2754 2.21905 2.56073 2.13169 2.23  14.0377 0.62 10.7642 1422.35 1630.28  2.9039e+49  1.44377e+32  1.76871e+33  9.89  0.22548
1.26798 2.22059 2.56073 2.13169 2.23  14.1845 0.61 10.7642 1427.16 1605.67  2.93438e+49  1.46385e+32  1.75829e+33  9.89  0.22548
1.26134 2.22198 2.56072 2.13169 2.23  14.3375  0.6 10.7642 1431.26 1580.39  2.96172e+49  1.48173e+32  1.74894e+33  9.89  0.22548
1.25562 2.22319 2.56072 2.13169 2.23  14.4973 0.59 10.7642 1434.67 1554.4  2.98545e+49  1.49717e+32  1.74087e+33  9.89  0.22548
 1.2509 2.22421 2.56073 2.13169 2.23  14.6643 0.58 10.7642 1437.35 1527.69  3.00502e+49  1.50979e+32  1.73421e+33  9.89  0.22548
1.24733 2.22496 2.56072 2.13169 2.23  14.8396 0.57 10.7642 1439.33 1500.16  3.01986e+49  1.51934e+32  1.72916e+33  9.89  0.22548
1.24504 2.22544 2.56071 2.13169 2.23  15.0235 0.56 10.7642 1440.54 1471.85  3.02932e+49  1.52539e+32  1.7259e+33  9.89  0.22548
1.24421 2.22563 2.56073 2.13169 2.23  15.2171 0.55 10.7642 1441.02 1442.72  3.03292e+49  1.5277e+32  1.72474e+33  9.89  0.22548
    1.9 2.15942 2.60417 2.15942 2.23  10.6683    1 10.6683       0 2445.52  0  0  2.6269e+33  9.89  0.22548
1.87487 2.16226 2.60416 2.15942 2.23  10.7314 0.99 10.6683 305.742 2389.44  4.55063e+48  4.86334e+30  2.59602e+33  9.89  0.22548
1.85226 2.16467 2.60417 2.15942 2.23  10.7902 0.98 10.6683 432.642 2360.65  6.49314e+48  9.81957e+30  2.56856e+33  9.89  0.22548
1.83113 2.16715 2.60415 2.15942 2.23  10.8493 0.97 10.6683 526.056 2336.7  7.96078e+48  1.46385e+31  2.5426e+33  9.89  0.22548
1.81039 2.16967 2.60417 2.15942 2.23  10.9095 0.96 10.6683 604.559 2314.69  9.22579e+48  1.94962e+31  2.51706e+33  9.89  0.22548
1.79008 2.17215 2.60417 2.15942 2.23  10.9704 0.95 10.6683 671.929 2294.08  1.03403e+49  2.42864e+31  2.49188e+33  9.89  0.22548
 1.7705 2.17468 2.60419 2.15942 2.23  11.0321 0.94 10.6683  731.48 2274.49  1.13525e+49  2.90269e+31  2.46748e+33  9.89  0.22548
1.75067 2.17717 2.60416 2.15942 2.23  11.0958 0.93 10.6683 785.465 2255.15  1.22946e+49  3.37559e+31  2.4426e+33  9.89  0.22548
1.73184 2.17969 2.60419 2.15942 2.23  11.1596 0.92 10.6683 834.224 2236.66  1.31701e+49  3.84044e+31  2.41889e+33  9.89  0.22548
1.71311 2.18221 2.60417 2.15942 2.23   11.225 0.91 10.6683 879.406 2218.32  1.40042e+49  4.30483e+31  2.39515e+33  9.89  0.22548
1.69484 2.18473 2.60419 2.15942 2.23  11.2913  0.9 10.6683 921.026 2200.32  1.47951e+49  4.76321e+31  2.37191e+33  9.89  0.22548
 1.6769 2.18724 2.60417 2.15942 2.23   11.359 0.89 10.6683 959.702 2182.47  1.55523e+49  5.21721e+31  2.34892e+33  9.89  0.22548
 1.6591 2.18976 2.60417 2.15942 2.23  11.4283 0.88 10.6683 995.872 2164.64  1.62817e+49  5.66776e+31  2.32607e+33  9.89  0.22548
1.64183 2.19229 2.60416 2.15942 2.23  11.4986 0.87 10.6683 1029.62 2147.02  1.69839e+49  6.11256e+31  2.30374e+33  9.89  0.22548
1.62467 2.19482 2.60417 2.15942 2.23  11.5708 0.86 10.6683 1061.42 2129.29  1.76665e+49  6.5546e+31  2.2815e+33  9.89  0.22548
1.60801 2.19735 2.60417 2.15942 2.23  11.6439 0.85 10.6683 1091.17 2111.7  1.83262e+49  6.98993e+31  2.25978e+33  9.89  0.22548
1.59151  2.1999 2.60419 2.15942 2.23   11.719 0.84 10.6683 1119.36 2093.96  1.89721e+49  7.42325e+31  2.2382e+33  9.89  0.22548
 1.5753 2.20242 2.60419 2.15942 2.23  11.7956 0.83 10.6683 1145.73 2076.2  1.95974e+49  7.84855e+31  2.21689e+33  9.89  0.22548
1.55933 2.20495 2.60418 2.15942 2.23  11.8741 0.82 10.6683  1170.7 2058.31  2.02108e+49  8.27062e+31  2.1958e+33  9.89  0.22548
1.54366 2.20746 2.60418 2.15942 2.23  11.9542 0.81 10.6683  1194.2 2040.35  2.08089e+49  8.68631e+31  2.17503e+33  9.89  0.22548
1.52822 2.20998 2.60418 2.15942 2.23  12.0365  0.8 10.6683 1216.35 2022.21  2.13945e+49  9.09642e+31  2.15448e+33  9.89  0.22548
1.51301 2.21247 2.60416 2.15942 2.23  12.1207 0.79 10.6683 1237.26 2003.92  2.19682e+49  9.5009e+31  2.13414e+33  9.89  0.22548
1.49811 2.21498 2.60418 2.15942 2.23  12.2069 0.78 10.6683 1256.92 1985.47  2.25299e+49  9.8986e+31  2.11417e+33  9.89  0.22548
1.48344 2.21747 2.60418 2.15942 2.23  12.2955 0.77 10.6683 1275.49 1966.81  2.30819e+49  1.0291e+32  2.09442e+33  9.89  0.22548
1.46906 2.21994 2.60419 2.15942 2.23  12.3863 0.76 10.6683 1292.87 1947.98  2.36216e+49  1.06751e+32  2.07497e+33  9.89  0.22548
1.45489 2.22238 2.60418 2.15942 2.23  12.4797 0.75 10.6683 1309.26 1928.88  2.41525e+49  1.10534e+32  2.05575e+33  9.89  0.22548
1.44104  2.2248 2.60416 2.15942 2.23  12.5755 0.74 10.6683 1324.56 1909.55  2.46711e+49  1.14227e+32  2.03685e+33  9.89  0.22548
1.42746 2.22724 2.60418 2.15942 2.23  12.6742 0.73 10.6683 1338.98 1889.91  2.51816e+49  1.1786e+32  2.01832e+33  9.89  0.22548
 1.4143 2.22964 2.60418 2.15942 2.23  12.7752 0.72 10.6683 1352.45 1870.04  2.56805e+49  1.21404e+32  2.00025e+33  9.89  0.22548
1.40134 2.23199 2.60417 2.15942 2.23  12.8797 0.71 10.6683 1365.01 1849.77  2.61689e+49  1.24862e+32  1.98239e+33  9.89  0.22548
1.38877 2.23432 2.60417 2.15942 2.23   12.987  0.7 10.6683 1376.67 1829.21  2.66454e+49  1.28222e+32  1.96502e+33  9.89  0.22548
1.37653 2.23662 2.60417 2.15942 2.23  13.0978 0.69 10.6683 1387.49 1808.26  2.71106e+49  1.31486e+32  1.94805e+33  9.89  0.22548
1.36469 2.23886 2.60415 2.15942 2.23   13.212 0.68 10.6683 1397.47 1786.94  2.75624e+49  1.34638e+32  1.93155e+33  9.89  0.22548
1.35329 2.24107 2.60419 2.15942 2.23  13.3299 0.67 10.6683 1406.64 1765.25  2.80016e+49  1.37681e+32  1.91565e+33  9.89  0.22548
1.34227 2.24319 2.60418 2.15942 2.23   13.452 0.66 10.6683    1415 1743.04  2.84239e+49  1.40588e+32  1.90019e+33  9.89  0.22548
1.33179 2.24524 2.60418 2.15942 2.23   13.578 0.65 10.6683  1422.6 1720.42  2.88295e+49  1.43359e+32  1.88545e+33  9.89  0.22548
1.32181 2.24719 2.60415 2.15942 2.23  13.7088 0.64 10.6683 1429.44 1697.25  2.9216e+49  1.45981e+32  1.87135e+33  9.89  0.22548
1.31251 2.24908 2.60418 2.15942 2.23   13.844 0.63 10.6683 1435.57 1673.62  2.95811e+49  1.48439e+32  1.85821e+33  9.89  0.22548
1.30381 2.25081 2.60416 2.15942 2.23  13.9848 0.62 10.6683 1440.96 1649.35  2.99218e+49  1.50712e+32  1.84583e+33  9.89  0.22548
1.29592 2.25244 2.60418 2.15942 2.23  14.1307 0.61 10.6683 1445.65 1624.54  3.02344e+49  1.52782e+32  1.83462e+33  9.89  0.22548
1.28885 2.25388 2.60417 2.15942 2.23   14.283  0.6 10.6683 1449.63 1599.01  3.05139e+49  1.54619e+32  1.82451e+33  9.89  0.22548
1.28274 2.25512 2.60415 2.15942 2.23  14.4416 0.59 10.6683 1452.92 1572.82  3.07565e+49  1.56203e+32  1.81573e+33  9.89  0.22548
1.27775 2.25617 2.60416 2.15942 2.23  14.6071 0.58 10.6683 1455.54 1545.96  3.09573e+49  1.57505e+32  1.80859e+33  9.89  0.22548
1.27399   2.257 2.60422 2.15942 2.23  14.7807 0.57 10.6683 1457.47 1518.28  3.11101e+49  1.58492e+32  1.80323e+33  9.89  0.22548
1.27156 2.25747 2.60418 2.15942 2.23  14.9625 0.56 10.6683 1458.64 1489.85  3.12065e+49  1.59112e+32  1.79971e+33  9.89  0.22548
1.27067 2.25766 2.60419 2.15942 2.23  15.1539 0.55 10.6683 1459.08 1460.56  3.12422e+49  1.59341e+32  1.79844e+33  9.89  0.22548
      2 2.18064 2.63797 2.18064 2.23  10.5745    1 10.5745       0 2490.35  0  0  2.79002e+33  9.89  0.22548
1.96909 2.18372 2.63797 2.18064 2.23  10.6412 0.99 10.5745 312.625 2430.51  4.67756e+48  5.11153e+30  2.75266e+33  9.89  0.22548
1.94078 2.18624 2.63795 2.18064 2.23  10.7041 0.98 10.5745 442.743 2399.22  6.68313e+48  1.03428e+31  2.71853e+33  9.89  0.22548
1.91522 2.18884 2.63797 2.18064 2.23  10.7659 0.97 10.5745  538.06 2373.59  8.19351e+48  1.54102e+31  2.68744e+33  9.89  0.22548
1.88932 2.19147 2.63796 2.18064 2.23  10.8303 0.96 10.5745  617.66 2349.58  9.48892e+48  2.04868e+31  2.65572e+33  9.89  0.22548
1.86483 2.19407 2.63797 2.18064 2.23  10.8942 0.95 10.5745 686.236 2327.42  1.06355e+49  2.55118e+31  2.62554e+33  9.89  0.22548
1.84159  2.1967 2.63797 2.18064 2.23  10.9585 0.94 10.5745 746.478 2306.53  1.16717e+49  3.04551e+31  2.59666e+33  9.89  0.22548
1.81857  2.1993 2.63795 2.18064 2.23  11.0242 0.93 10.5745 801.127 2286.14  1.26379e+49  3.53902e+31  2.56786e+33  9.89  0.22548
1.79617 2.20194   2.638 2.18064 2.23   11.091 0.92 10.5745 850.319 2266.32  1.35338e+49  4.02264e+31  2.53973e+33  9.89  0.22548
 1.7745 2.20455 2.63797 2.18064 2.23  11.1586 0.91 10.5745 895.809 2246.98  1.43861e+49  4.5047e+31  2.51226e+33  9.89  0.22548
1.75343 2.20716 2.63797 2.18064 2.23  11.2271  0.9 10.5745 937.782   2228  1.5196e+49  4.98128e+31  2.48546e+33  9.89  0.22548
  1.733 2.20978 2.63796 2.18064 2.23  11.2965 0.89 10.5745 976.655 2209.31  1.59696e+49  5.45184e+31  2.45926e+33  9.89  0.22548
1.71277 2.21239 2.63796 2.18064 2.23  11.3677 0.88 10.5745 1012.99 2190.64  1.67151e+49  5.91868e+31  2.43323e+33  9.89  0.22548
1.69324 2.21502 2.63798 2.18064 2.23  11.4397 0.87 10.5745 1046.83 2172.22  1.7432e+49  6.37868e+31  2.40795e+33  9.89  0.22548
1.67401 2.21763 2.63796 2.18064 2.23  11.5134 0.86 10.5745 1078.71 2153.81  1.8129e+49  6.83576e+31  2.38291e+33  9.89  0.22548
1.65538 2.22025 2.63796 2.18064 2.23   11.588 0.85 10.5745 1108.49 2135.57  1.88023e+49  7.28538e+31  2.35855e+33  9.89  0.22548
1.63697 2.22287 2.63796 2.18064 2.23  11.6647 0.84 10.5745 1136.65 2117.16  1.94605e+49  7.73198e+31  2.33435e+33  9.89  0.22548
1.61908 2.22548 2.63795 2.18064 2.23  11.7424 0.83 10.5745 1163.06 2098.83  2.00993e+49  8.1713e+31  2.3107e+33  9.89  0.22548
1.60157 2.22812 2.63799 2.18064 2.23   11.822 0.82 10.5745 1188.01 2080.44  2.07252e+49  8.60656e+31  2.2875e+33  9.89  0.22548
1.58427 2.23071 2.63797 2.18064 2.23  11.9034 0.81 10.5745 1211.45 2061.88  2.1335e+49  9.03461e+31  2.26442e+33  9.89  0.22548
1.56743 2.23331 2.63796 2.18064 2.23  11.9865  0.8 10.5745 1233.55 2043.29  2.1932e+49  9.45676e+31  2.24185e+33  9.89  0.22548
1.55082  2.2359 2.63796 2.18064 2.23  12.0719 0.79 10.5745 1254.39 2024.48  2.25172e+49  9.87312e+31  2.21951e+33  9.89  0.22548
1.53467 2.23848 2.63796 2.18064 2.23  12.1589 0.78 10.5745 1273.96 2005.63  2.30896e+49  1.02821e+32  2.1977e+33  9.89  0.22548
1.51875 2.24107   2.638 2.18064 2.23  12.2484 0.77 10.5745 1292.44 1986.51  2.36526e+49  1.06856e+32  2.17614e+33  9.89  0.22548
1.50322 2.24359 2.63797 2.18064 2.23  12.3398 0.76 10.5745 1309.72 1967.27  2.42021e+49  1.108e+32  2.15495e+33  9.89  0.22548
1.48792 2.24613 2.63797 2.18064 2.23   12.434 0.75 10.5745 1325.99 1947.74  2.4743e+49  1.14683e+32  2.13403e+33  9.89  0.22548
 1.4731 2.24864 2.63798 2.18064 2.23  12.5303 0.74 10.5745  1341.2 1928.1  2.52721e+49  1.18479e+32  2.11368e+33  9.89  0.22548
 1.4585 2.25114 2.63799 2.18064 2.23  12.6296 0.73 10.5745 1355.46 1908.08  2.5792e+49  1.22203e+32  2.09355e+33  9.89  0.22548
1.44432 2.25358 2.63795 2.18064 2.23  12.7314 0.72 10.5745 1368.74 1887.84  2.62988e+49  1.25825e+32  2.07388e+33  9.89  0.22548
1.43051 2.25603 2.63797 2.18064 2.23  12.8362 0.71 10.5745  1381.2 1867.25  2.67971e+49  1.29375e+32  2.05471e+33  9.89  0.22548
1.41715 2.25845 2.63799 2.18064 2.23  12.9438  0.7 10.5745 1392.72 1846.41  2.72827e+49  1.32819e+32  2.03608e+33  9.89  0.22548
 1.4041 2.26079 2.63796 2.18064 2.23  13.0549 0.69 10.5745 1403.41 1825.15  2.77561e+49  1.36161e+32  2.01779e+33  9.89  0.22548
1.39155 2.26311 2.63797 2.18064 2.23  13.1693 0.68 10.5745 1413.25 1803.57  2.82163e+49  1.39389e+32  2.00014e+33  9.89  0.22548
1.37939 2.26537 2.63798 2.18064 2.23  13.2875 0.67 10.5745 1422.26 1781.55  2.86625e+49  1.42495e+32  1.98299e+33  9.89  0.22548
1.36774 2.26756 2.63798 2.18064 2.23  13.4096 0.66 10.5745 1430.48 1759.14  2.90933e+49  1.45473e+32  1.9665e+33  9.89  0.22548
1.35666 2.26966 2.63796 2.18064 2.23  13.5356 0.65 10.5745 1437.95 1736.26  2.95058e+49  1.48306e+32  1.95073e+33  9.89  0.22548
1.34615  2.2717 2.63798 2.18064 2.23  13.6661 0.64 10.5745 1444.68 1712.89  2.99002e+49  1.50992e+32  1.93576e+33  9.89  0.22548
1.33631 2.27361 2.63797 2.18064 2.23  13.8011 0.63 10.5745 1450.66 1689.02  3.02712e+49  1.53499e+32  1.92167e+33  9.89  0.22548
1.32714 2.27541 2.63798 2.18064 2.23  13.9415 0.62 10.5745 1455.94 1664.55  3.06184e+49  1.55824e+32  1.90852e+33  9.89  0.22548
1.31879 2.27705 2.63795 2.18064 2.23  14.0871 0.61 10.5745 1460.48 1639.51  3.09352e+49  1.57927e+32  1.89648e+33  9.89  0.22548
1.31138 2.27854 2.63796 2.18064 2.23  14.2385  0.6 10.5745 1464.38 1613.83  3.12202e+49  1.59808e+32  1.88577e+33  9.89  0.22548
1.30498 2.27984 2.63797 2.18064 2.23  14.3962 0.59 10.5745  1467.6 1587.52  3.1468e+49  1.6143e+32  1.87653e+33  9.89  0.22548
1.29972 2.28091 2.63798 2.18064 2.23  14.5608 0.58 10.5745 1470.11 1560.47  3.16714e+49  1.62752e+32  1.86889e+33  9.89  0.22548
1.29576 2.28174   2.638 2.18064 2.23   14.733 0.57 10.5745 1471.98 1532.67  3.18266e+49  1.63757e+32  1.86316e+33  9.89  0.22548
1.29321 2.28222 2.63795 2.18064 2.23  14.9133 0.56 10.5745  1473.1 1504.1  3.19233e+49  1.64379e+32  1.85942e+33  9.89  0.22548
1.29232 2.28243 2.63799 2.18064 2.23  15.1027 0.55 10.5745 1473.54 1474.75  3.19603e+49  1.64619e+32  1.85816e+33  9.89  0.22548
    2.1  2.1965 2.66361 2.1965 2.23  10.4833    1 10.4833       0 2532.14  0  0  2.94189e+33  9.89  0.22548
2.06377 2.19975 2.66359 2.1965 2.23  10.5521 0.99 10.4833  318.77 2469.31  4.7766e+48  5.32237e+30  2.89894e+33  9.89  0.22548
    2.2 2.20794 2.68233 2.20794 2.23  10.3952    1 10.3952       0 2571.14  0  0  3.0828e+33  9.89  0.22548
2.14878 2.20869 2.67815 2.20794 2.23  10.4712 0.99 10.3952 323.652 2502.67  4.83689e+48  5.47208e+30  3.01746e+33  9.89  0.22548
2.10314 2.21418 2.68233 2.20794 2.23  10.5519 0.98 10.3952 459.454 2463.93  6.95096e+48  1.11634e+31  2.97042e+33  9.89  0.22548
2.02646 2.21977 2.68233 2.20794 2.23  10.6964 0.96 10.3952 639.042 2405.56  9.8633e+48  2.20323e+31  2.87912e+33  9.89  0.22548
1.95973 2.22446 2.68103 2.20794 2.23  10.8374 0.94 10.3952 769.873 2356.41  1.21109e+49  3.25914e+31  2.7961e+33  9.89  0.22548
1.93231 2.22851   2.683 2.20794 2.23  10.9067 0.93 10.3952 825.922 2334.61  1.31237e+49  3.78881e+31  2.76487e+33  9.89  0.22548
1.90377 2.23137 2.68315 2.20794 2.23  10.9776 0.92 10.3952 875.811 2312.89  1.40504e+49  4.30138e+31  2.72954e+33  9.89  0.22548
1.82206 2.23952 2.68293 2.20794 2.23  11.1984 0.89 10.3952 1002.42 2249.55  1.65517e+49  5.7996e+31  2.62601e+33  9.89  0.22548
1.78025  2.2449 2.67897 2.20794 2.23  11.3637 0.86 10.3952 1113.81 2208.35  1.88351e+49  7.33307e+31  2.56612e+33  9.89  0.22548
1.72681 2.25008  2.6823 2.20794 2.23  11.5042 0.85 10.3952 1133.71 2169.79  1.945e+49  7.70781e+31  2.50183e+33  9.89  0.22548
1.70529 2.25285 2.68234 2.20794 2.23  11.5832 0.84 10.3952 1161.76 2150.41  2.01254e+49  8.1728e+31  2.47355e+33  9.89  0.22548
1.68437 2.25557 2.68234 2.20794 2.23  11.6633 0.83 10.3952 1188.04 2131.08  2.07808e+49  8.62983e+31  2.44583e+33  9.89  0.22548
1.66394  2.2583 2.68233 2.20794 2.23  11.7453 0.82 10.3952 1212.77 2111.67  2.14207e+49  9.08073e+31  2.4186e+33  9.89  0.22548
1.64412 2.26103 2.68234 2.20794 2.23  11.8286 0.81 10.3952 1236.11 2092.29  2.2047e+49  9.52607e+31  2.39207e+33  9.89  0.22548
1.62482 2.26374 2.68233 2.20794 2.23  11.9137  0.8 10.3952 1257.97 2072.85  2.26577e+49  9.96307e+31  2.36607e+33  9.89  0.22548
1.60601 2.26646 2.68236 2.20794 2.23  12.0006 0.79 10.3952 1278.66 2053.31  2.32582e+49  1.03954e+32  2.34065e+33  9.89  0.22548
1.58767 2.26914 2.68234 2.20794 2.23  12.0893 0.78 10.3952 1297.98 2033.68  2.38433e+49  1.08179e+32  2.31569e+33  9.89  0.22548
1.56977 2.27182 2.68235 2.20794 2.23  12.1802 0.77 10.3952 1316.27 2013.89  2.442e+49  1.12356e+32  2.29124e+33  9.89  0.22548
1.55237 2.27447 2.68234 2.20794 2.23   12.273 0.76 10.3952 1333.31 1993.98  2.49822e+49  1.16432e+32  2.26732e+33  9.89  0.22548
1.53536  2.2771 2.68234 2.20794 2.23  12.3684 0.75 10.3952 1349.39 1973.86  2.55365e+49  1.2045e+32  2.24386e+33  9.89  0.22548
1.51881  2.2797 2.68232 2.20794 2.23  12.4659 0.74 10.3952 1364.32 1953.58  2.60768e+49  1.24359e+32  2.2209e+33  9.89  0.22548
1.50266  2.2823 2.68234 2.20794 2.23  12.5663 0.73 10.3952 1378.35 1933.01  2.66091e+49  1.28203e+32  2.19844e+33  9.89  0.22548
1.48702 2.28485 2.68233 2.20794 2.23   12.669 0.72 10.3952 1391.37 1912.27  2.71279e+49  1.31937e+32  2.17656e+33  9.89  0.22548
1.47186 2.28741 2.68236 2.20794 2.23  12.7746 0.71 10.3952  1403.6 1891.19  2.7638e+49  1.356e+32  2.15529e+33  9.89  0.22548
 1.4572 2.28991 2.68236 2.20794 2.23  12.8828  0.7 10.3952 1414.88 1869.89  2.81345e+49  1.39145e+32  2.13464e+33  9.89  0.22548
1.44296 2.29235 2.68234 2.20794 2.23  12.9946 0.69 10.3952 1425.33 1848.18  2.86189e+49  1.42586e+32  2.11443e+33  9.89  0.22548
1.42924 2.29472  2.6823 2.20794 2.23  13.1094 0.68 10.3952 1434.91 1826.16  2.90884e+49  1.45899e+32  2.09489e+33  9.89  0.22548
1.41604 2.29708 2.68233 2.20794 2.23   13.228 0.67 10.3952 1443.71 1803.73  2.95452e+49  1.49099e+32  2.07608e+33  9.89  0.22548
1.40344 2.29937 2.68236 2.20794 2.23  13.3501 0.66 10.3952 1451.71 1780.96  2.99861e+49  1.52163e+32  2.05805e+33  9.89  0.22548
1.39141 2.30154 2.68232 2.20794 2.23  13.4763 0.65 10.3952 1458.95 1757.71  3.04076e+49  1.55071e+32  2.04071e+33  9.89  0.22548
1.38004 2.30364 2.68233 2.20794 2.23  13.6069 0.64 10.3952 1465.44 1733.97  3.08101e+49  1.57823e+32  2.0243e+33  9.89  0.22548
1.36942 2.30563 2.68232 2.20794 2.23  13.7417 0.63 10.3952 1471.22 1709.79  3.11893e+49  1.60395e+32  2.00891e+33  9.89  0.22548
1.35956 2.30749 2.68232 2.20794 2.23  13.8816 0.62 10.3952  1476.3 1685.02  3.15439e+49  1.6278e+32  1.99458e+33  9.89  0.22548
1.35065 2.30921 2.68234 2.20794 2.23  14.0264 0.61 10.3952  1480.7 1659.75  3.18688e+49  1.64946e+32  1.98158e+33  9.89  0.22548
1.33577 2.31206  2.6823 2.20794 2.23  14.3338 0.59 10.3952 1487.46 1607.22  3.24113e+49  1.6852e+32  1.95975e+33  9.89  0.22548
1.33019 2.31319 2.68233 2.20794 2.23  14.4968 0.58 10.3952  1489.9   1580  3.26197e+49  1.69881e+32  1.95158e+33  9.89  0.22548
1.32596 2.31402 2.68233 2.20794 2.23  14.6673 0.57 10.3952 1491.66 1552.02  3.2777e+49  1.70902e+32  1.94534e+33  9.89  0.22548
1.32334 2.31459 2.68238 2.20794 2.23  14.8454 0.56 10.3952 1492.76 1523.34  3.28774e+49  1.71552e+32  1.94151e+33  9.89  0.22548
1.32233 2.31472 2.68231 2.20794 2.23  15.0326 0.55 10.3952 1493.11 1493.78  3.29108e+49  1.71766e+32  1.93997e+33  9.89  0.22548
    2.3 2.21599 2.69562 2.21599 2.23  10.3107    1 10.3107       0 2607.56  0  0  3.21384e+33  9.89  0.22548
2.23139 2.21953 2.69554 2.21599 2.23  10.4037 0.99 10.3107  328.73 2531.72  4.90794e+48  5.63958e+30  3.13666e+33  9.89  0.22548
2.17288 2.22243 2.69557 2.21599 2.23   10.489 0.98 10.3107 465.964 2489.61  7.03814e+48  1.14635e+31  3.06971e+33  9.89  0.22548
2.12416 2.22529 2.69561 2.21599 2.23   10.568 0.97 10.3107 565.318 2455.99  8.63263e+48  1.70586e+31  3.01294e+33  9.89  0.22548
2.08084 2.22816 2.69559 2.21599 2.23  10.6448 0.96 10.3107 647.004 2426.31  9.98509e+48  2.25822e+31  2.96165e+33  9.89  0.22548
2.04072   2.231 2.69563 2.21599 2.23  10.7206 0.95 10.3107 717.283 2398.97  1.11848e+49  2.80431e+31  2.91362e+33  9.89  0.22548
2.00564 2.23403 2.69594 2.21599 2.23  10.7936 0.94 10.3107 778.671 2374.27  1.22653e+49  3.33843e+31  2.87146e+33  9.89  0.22548
1.98144 2.23757 2.69709 2.21599 2.23  10.8554 0.93 10.3107 835.993 2354.64  1.32936e+49  3.88467e+31  2.84302e+33  9.89  0.22548
1.96835 2.24419 2.70299 2.21599 2.23  10.9092 0.92 10.3107 890.213 2339.48  1.43024e+49  4.45053e+31  2.83432e+33  9.89  0.22548
    2.4 2.22101 2.70398 2.22101 2.23  10.2297    1 10.2297       0 2641.65  0  0  3.33487e+33  9.89  0.22548
2.30268 2.22483  2.7042 2.22101 2.23  10.3433 0.99 10.2297 332.579 2556.27  4.94791e+48  5.75208e+30  3.22898e+33  9.89  0.22548
2.22822 2.22767 2.70402 2.22101 2.23  10.4404 0.98 10.2297 470.841 2509.16  7.09697e+48  1.16804e+31  3.14491e+33  9.89  0.22548
2.16999 2.23053   2.704 2.22101 2.23  10.5265 0.97 10.2297 570.777 2472.55  8.70532e+48  1.73684e+31  3.07784e+33  9.89  0.22548
2.12068 2.23345 2.70399 2.22101 2.23  10.6077 0.96 10.2297 652.653 2441.02  1.00658e+49  2.29634e+31  3.02006e+33  9.89  0.22548
2.07567  2.2363 2.70398 2.22101 2.23  10.6873 0.95 10.2297 723.023 2412.15  1.12722e+49  2.84884e+31  2.96655e+33  9.89  0.22548
2.03587 2.23917 2.70398 2.22101 2.23   10.764 0.94 10.2297 784.248 2385.91  1.23551e+49  3.38694e+31  2.91859e+33  9.89  0.22548
1.99854 2.24202 2.70398 2.22101 2.23  10.8407 0.93 10.2297 839.587 2360.91  1.33641e+49  3.92205e+31  2.87308e+33  9.89  0.22548
    2.5 2.22374 2.70854 2.22374 2.23  10.1524    1 10.1524       0 2673.57  0  0  3.44703e+33  9.89  0.22548
2.34706 2.22739  2.7084 2.22374 2.23  10.3067 0.99 10.1524 334.892 2570.99  4.96923e+48  5.81704e+30  3.28399e+33  9.89  0.22548
    2.6 2.22488 2.71039 2.22488 2.23  10.0791    1 10.0791       0 2703.45  0  0  3.55171e+33  9.89  0.22548
2.37206 2.22845 2.71014 2.22488 2.23  10.2861 0.99 10.0791 336.169 2579.12  4.97932e+48  5.85108e+30  3.31373e+33  9.89  0.22548
2.27975 2.23152 2.71026 2.22488 2.23   10.396 0.98 10.0791 475.239 2526.74  7.14444e+48  1.18683e+31  3.21186e+33  9.89  0.22548
2.21141 2.23461 2.71054 2.22488 2.23  10.4897 0.97 10.0791  575.57 2487.07  8.76505e+48  1.76344e+31  3.13467e+33  9.89  0.22548
    2.7 2.22437 2.70945 2.22437 2.23  10.0092    1 10.0092       0 2731.53  0  0  3.64829e+33  9.89  0.22548
2.10068 2.23976 2.70944 2.22437 2.23  10.6637 0.95 10.0092 727.056 2421.4  1.1331e+49  2.87967e+31  3.00361e+33  9.89  0.22548
2.05752 2.24257 2.70932 2.22437 2.23   10.743 0.94 10.0092 788.186 2394.1  1.24162e+49  3.42078e+31  2.95171e+33  9.89  0.22548
2.01851 2.24553 2.70945 2.22437 2.23  10.8209 0.93 10.0092 843.587 2368.62  1.34297e+49  3.96009e+31  2.90454e+33  9.89  0.22548
1.98212 2.24837 2.70944 2.22437 2.23   10.898 0.92 10.0092 893.375 2344.39  1.43697e+49  4.48734e+31  2.85983e+33  9.89  0.22548
